ybeF,0.7837
glpQ,0.7448
ybdT,0.8556
ybxH,0.8154
ybdM,0.8282
ybdK,0.8384
ybxF,1.09
rplJ,0.6117
rplK,0.9967
rpmG,0.8301
yacP,0.7136
rplL,0.8709
ybdE,0.7404
ybcT,0.8811
ybcQ,0.7198
ybcO,0.7291
ybcL,0.764
ybcH,0.7429
cysE,1.12
yacN,0.9956
yacL,0.9812
sms,1.12
yacH,1.45
glpT,1.02
ybyB,1.2
ybxI,0.9091
csgA,1.07
ybdL,1.09
ybdJ,1.19
ybxB,1.28
rplA,1.09
nusG,1.14
sigH,1.05
yacO,0.9178
ybdA,0.9286
ybcS,0.9412
ybcP,0.9136
ybcM,1.69
ybcI,0.8909
ybcF,0.8451
gltX,1.05
yacM,1.01
yacK,1.15
yacI,1.35
ctsR,1.3
ydbB,0.7602
ydbA,1.05
ydaS,1.31
ydaQ,0.8606
mutT,0.0
ydaN,0.9132
yciB,0.9584
nasA,0.7722
nasD,0.4097
nasF,0.5836
ycgS,0.8415
ycgQ,0.9212
ydaL,0.9304
ydaJ,0.9744
lrpC,0.8811
ydaH,1.19
ydaF,1.19
ydaD,1.2
ycgO,1.08
ycgM,0.7351
cah,0.8216
ycgJ,0.8614
tmrB,0.8817
ycgH,1.01
gsiB,3.39
ydaT,1.38
ydaR,1.44
ydaP,2.06
ydaO,1.29
ydaM,1.03
yciA,0.9083
nasC,0.8784
nasE,0.5708
ycgT,0.8673
ycgR,1.02
ycgP,0.8933
ydaK,0.8728
ydzA,0.7113
ydaG,1.14
ydaE,1.21
ydaC,0.9622
ycgN,0.8833
ycgL,0.7793
ycgK,0.8886
aroI,0.7703
nadE,0.9824
ycgG,0.9861
purL,0.5594
purC,0.6444
purK,1.04
yebG,0.8676
yebE,0.8353
yebC,0.9277
ydfK,0.0
ydfJ,0.9904
ydfH,0.951
ydfF,0.9553
ydfD,0.9254
ydfB,0.8667
guaA,0.785
yeaD,0.9376
yeaB,1.03
yeaA,0.5031
ydjO,1.3
ydjM,1.33
ydeT,1.41
ydeR,1.2
ydeP,1.28
ydzF,1.37
ydeM,1.11
ydeK,1.23
yexA,0.8135
purB,1.12
purE,1.49
yebF,0.9565
yebD,1.06
yebB,1.25
nap,1.43
ydfI,1.15
ydfG,1.28
ydfE,1.23
ydfC,1.05
ydfA,1.16
yebA,0.9291
yeaC,0.9181
gabP,0.8158
ydjP,0.7049
ydjN,1.02
ydjL,0.8776
ydeS,1.03
ydeQ,1.05
ydeO,1.23
ydeN,1.25
ydeL,1.05
ydeJ,0.8096
yfhS,1.33
yfhO,1.04
yfhM,0.7684
yfhK,0.9043
yfhI,1.04
yfhG,0.8228
yflS,0.9221
yflT,1.09
yfmC,0.7042
yfmE,1.01
yfmG,0.9218
yfmI,0.8163
yfhE,0.8278
yfhC,0.5914
yfhA,0.6791
yfiY,0.4437
yfiV,0.9374
yfiT,0.8891
yfmK,0.9801
yfmM,1.07
yfmO,0.9335
yfmQ,0.3157
yfmS,0.9807
yfnA,1.2
yfhP,1.29
csbB,1.36
yfhL,0.9847
yfhJ,1.56
yfhH,1.16
yfhF,0.984
pel,1.1
yfmA,0.9893
yfmD,1.2
yfmF,1.12
yfmH,1.03
yfmJ,1.27
yfhD,0.9742
yfhB,0.6933
yfiZ,0.8925
yfiW,1.08
yfiU,1.01
yfiS,1.02
yfmL,1.32
yfmN,0.9826
yfmP,0.9313
yfmR,0.8764
yfmT,0.0
yfnD,0.8292
yisK,0.8472
yisI,0.9647
yisG,0.7233
yisE,0.7247
yisB,0.9197
addA,0.0
yhdY,0.7231
yhdW,1.04
yhdU,0.9792
yhdS,0.8763
yhdQ,1.07
yhdO,0.8087
yhjQ,0.8891
yhjM,1.1
yhjK,1.01
yhjI,1.02
yhjG,0.9948
yhjE,1.08
yhdL,1.31
yhdJ,1.11
yhdH,1.15
yhdF,1.0
citR,1.05
phoA,1.14
yisJ,1.21
yisH,0.985
yisF,1.14
yisC,1.04
sbcD,1.12
yhjR,1.14
yhdX,1.54
yhdV,1.29
yhdT,1.05
yhdR,0.9004
yhdP,1.2
yhdM,1.57
yhjO,0.9109
yhjL,1.15
yhjJ,0.9047
yhjH,0.9428
sipV,0.9882
yhjD,0.9435
yhdK,1.41
yhdI,1.09
yhdG,0.8332
citA,0.811
lytE,0.8844
spoVR,1.01
xkdU,0.8557
xkdS,0.8434
xkdQ,0.7528
xkdN,0.7433
xkdK,0.73
xkdI,0.9084
yjbX,0.746
yjbV,0.8251
yjbT,0.9041
yjbR,1.08
tenA,1.12
yjbP,0.8819
xkdG,0.9209
xkdE,0.8884
xpf,0.9229
xkdD,0.9132
xkdB,0.9308
xkdA,0.9269
yjbN,1.23
yjbL,1.42
yjbJ,1.07
yjbH,1.61
yjbF,1.13
yjbE,1.09
xkdT,1.01
xkdR,1.13
xkdP,1.08
xkdM,1.06
xkdJ,1.05
xkdH,0.9678
yjbW,0.8082
yjbU,0.9712
yjbS,1.1
tenI,0.9911
yjbQ,1.33
yjbO,1.25
xkdF,0.9398
xtmA,1.02
xtrA,0.9668
xkdC,0.9127
xre,1.07
yjqC,0.9846
yjbM,1.18
yjbK,0.9944
yjbI,1.2
yjbG,1.1
mecA,1.18
yjbD,1.06
ylaM,0.9135
ylaK,0.9492
ylaH,0.8956
ylaF,0.7724
ylaD,0.0
ylaB,0.8831
ykvM,1.14
ykvK,1.05
ykvI,0.9447
motA,0.798
ykvE,1.51
eag,0.8757
nprE,0.9759
ykzC,1.18
ykzI,1.02
yktA,0.9673
slp,0.911
pdhC,1.01
ykvA,0.9918
ykrY,1.07
ykrW,1.33
ykrU,0.8672
ykrS,1.1
ykrQ,1.21
ylaL,1.15
ylaJ,1.24
ylaG,1.46
ylaE,1.28
ylaC,1.27
ylaA,1.02
ykvL,1.41
ykvJ,1.45
clpE,1.61
motB,1.02
ykvD,1.08
spo0E,1.16
yktD,1.15
yktC,1.09
yktB,1.46
cad,1.42
pdhD,0.9393
pdhB,1.33
ykrZ,0.8489
ykrX,1.28
ykrV,0.8856
ykrT,0.9578
dat,0.8768
ykrM,1.11
ymfM,1.1
ymfK,1.19
ymfI,1.23
ymfF,1.28
ymfD,1.05
spoIIIE,1.09
yloW,0.9233
yloU,0.8848
spoVM,1.05
yloR,1.02
ymfA,1.01
dapG,0.8881
spoVFB,0.9003
ymxH,1.06
ylxY,1.47
ribC,1.52
fmt,1.72
priA,0.0
yloH,1.59
yloC,1.63
ylnF,0.8691
ylnD,0.8198
ymfL,1.74
ymfJ,1.9
ymfH,1.74
ymfE,1.46
ymfC,1.46
ymfB,1.15
yloV,0.9725
rpmB,0.944
yloS,1.29
yloQ,1.29
yloO,1.37
yloM,1.24
dapA,0.9558
asd,0.5209
spoVFA,1.09
ymxG,1.33
rpsO,1.24
truB,1.45
def,1.37
yloI,1.21
yloD,1.57
yloA,0.9846
ylnE,0.7323
ylnC,0.7561
yobK,0.9676
yobI,0.9076
yozL,1.12
yobH,1.06
rapK,0.9789
yobF,1.53
yneI,1.12
ynzD,1.77
yneE,1.09
ynzC,1.64
yneA,1.07
yndN,1.05
yozI,0.0
yobD,1.61
pps,1.3
yobA,1.26
yoaZ,1.32
yoaV,1.32
yndL,1.25
yndJ,1.45
yndG,1.46
yndD,1.25
yndB,1.13
ynzA,1.01
yobJ,1.07
yozM,1.4
yozK,1.22
phrK,0.9404
yozJ,1.4
yobE,1.63
ccdA,1.24
yneF,1.84
tkt,1.06
yneB,1.22
lexA,0.711
yndM,1.18
yozH,0.0
xynA,0.0
yobB,1.14
penP,1.12
yoaW,1.07
yoaU,1.1
yndK,1.18
yndH,1.02
yndE,1.09
ynzB,1.08
yndA,1.15
cotC,1.14
yonR,0.9994
yonT,0.8853
yonV,0.83
yopA,0.7952
yopC,1.01
yopE,1.37
yosR,0.9032
yosT,0.9804
yosV,0.9165
yosZ,0.8253
yotB,0.9649
yotD,0.0
yopG,1.47
yopI,1.45
yopK,1.33
yopM,1.33
yopO,1.36
yopQ,1.3
yotF,1.13
yotH,1.21
yotJ,1.19
yotL,1.06
yotN,1.26
yodV,1.22
yonS,1.45
yonU,1.13
yonX,0.9214
yopB,1.49
yopD,1.51
yopF,1.72
yosS,1.24
yosU,1.46
yosX,0.8191
sspC,1.12
yotC,1.09
yotE,0.982
yopH,1.23
yopJ,0.931
yopL,0.8962
yopN,1.55
yopP,1.41
yopR,0.0
yotG,0.9261
yotI,0.9356
yotK,1.01
yotM,0.0
yodU,0.0
cgeA,0.0
fer,0.7001
recQ,1.03
ypbE,1.11
ypbH,0.9611
ypdA,1.03
sleB,0.9455
ypcP,0.8761
ypdP,1.06
ypeQ,1.11
degR,1.13
ypfP,1.1
bsaA,0.946
ypfA,1.23
cmk,1.69
ypgA,1.65
yphB,1.23
gpsA,1.21
yphF,1.66
ypgR,1.07
yphP,1.06
ypjP,1.59
thyB,1.28
ypkP,1.45
yplP,0.9205
ypbB,1.37
ypbD,1.37
ypbF,1.58
ypcA,1.27
ypdC,1.68
ypeB,1.18
ypdQ,1.29
ypeP,1.2
ypzA,1.42
cspD,0.9159
metB,1.06
ypgQ,1.08
ypfB,1.14
ypfD,1.13
yphA,1.17
yphC,1.02
yphE,1.61
spoIVA,0.9705
ilvD,0.5452
ypiP,1.08
ypjQ,0.982
dfrA,0.9607
yplQ,0.8575
ilvA,0.7478
yqgA,0.9639
yqgC,0.9991
yqgE,0.9074
yqgG,0.904
yqgI,0.9086
yqgK,0.9971
bfmBAB,1.1
bmrR,0.9915
yqiW,0.8639
yqiY,0.9668
yqjA,1.21
yqjC,1.19
yqgL,1.09
yqgN,1.06
yqgP,1.16
glcK,1.12
yqgU,1.58
yqgW,1.3
yqjE,1.23
yqjG,0.9752
yqjI,1.09
yqjK,1.25
yqjM,1.32
yqjO,1.28
yqgB,1.49
sodA,1.52
pbpA,1.55
yqgH,1.18
yqgJ,1.21
yqzD,1.17
bfmBB,1.36
bmr,1.08
yqiX,1.08
yqiZ,0.987
yqjB,1.23
yqjD,1.27
yqgM,1.05
yqgO,1.2
yqgQ,1.16
yqgT,1.69
yqgV,1.15
yqgX,1.23
yqjF,0.9983
yqjH,0.999
yqjJ,0.9929
yqjL,1.01
yqjN,0.9781
yqjP,1.14
levE,0.7622
levG,0.8056
adhA,0.8592
yraC,1.11
yraE,0.0
yraF,0.7829
yqbK,0.837
yqbM,0.999
yqbN,0.7847
yqbQ,0.8411
yqbS,0.9075
yqcA,0.7893
yraH,0.9234
yraJ,0.8952
yraL,1.05
yraM,1.03
yraO,1.04
sigZ,1.35
yqcD,1.0
yqxG,1.07
yqxI,1.04
yqcF,1.29
yqzI,1.24
rapE,1.07
levF,0.9292
sacC,1.09
yraB,1.3
yraD,1.14
adhB,1.09
yraG,1.01
yqbL,1.03
yqdB,1.07
yqbP,0.9306
yqbR,0.8984
yqbT,0.9604
yqcB,0.9795
yraI,0.8444
yraK,1.07
csn,0.8728
yraN,0.8609
yrpG,0.9423
yrpE,1.8
yqcE,0.9851
cwlA,0.916
yqxJ,0.9834
yqcG,1.25
phrE,1.15
yqcI,0.9109
ytaF,0.969
ytbE,1.01
ytcD,0.9159
ytcF,1.65
dnaB,1.09
ytxB,0.9252
folC,0.7427
spoIIB,0.754
ysxA,1.37
mreC,1.31
minC,1.47
spoIVFA,0.9752
thrS,1.03
lytS,1.02
ysbA,0.8991
yscB,0.8768
infC,1.27
rplT,1.28
rplU,1.18
spo0B,1.47
p`eB,1.41
pheB,1.32
yrxA,1.09
nadB,0.7483
nadA,0.6765
ytaG,1.33
ytbD,1.06
gapB,1.03
ytcG,1.33
dnaI,1.16
ytxC,1.16
comC,0.9726
maf,1.47
mreB,1.33
mreD,1.48
minD,1.37
spoIVFB,0.9079
ysaA,0.0
lytT,0.0
ysbB,0.0
yscA,1.41
rpmI,0.9211
ysdA,0.8459
ysxB,1.12
obg,1.11
pheA,1.04
nifS,0.8126
nadC,0.5356
yrbA,0.665
yubA,1.18
yubC,0.9158
yubE,1.12
yubG,0.8288
yuaB,0.8605
gbsA,0.8162
yteP,0.8558
yteR,0.9452
yteT,0.9737
yteV,1.05
ytfP,1.07
ytzG,1.23
yuaD,1.03
yuaG,0.5252
yuaJ,1.32
glgD,0.851
ytaB,1.05
ytxN,0.991
ytzE,1.2
ythQ,1.1
ytjP,1.19
ytlP,1.34
ytlR,1.25
ytmP,1.31
yubB,1.35
yubD,1.12
yubF,1.13
yuaA,1.11
yuaC,1.13
gbsB,0.6831
yteQ,0.9812
yteS,0.9332
yteU,1.08
opuD,1.23
ytgP,1.52
ytzF,1.06
yuaF,0.5301
yuaI,0.4311
glgB,0.6161
glgA,0.8185
ytaA,0.8987
cotS,0.9226
ythP,0.9588
ytiP,1.35
ytkP,0.9639
ytlQ,0.0
amyX,0.0
ytzH,0.7649
yvrB,0.9471
yvqK,0.8507
yvqI,0.8095
yvqG,1.01
yvqE,0.8403
gerAC,0.9657
yutL,0.7337
paiA,0.8059
yumD,0.8942
yumC,0.6658
yuiA,0.3054
yuiC,0.6176
gerAA,1.09
yuxN,1.3
yvqA,1.12
yvtB,0.9969
yusZ,0.9378
yusW,1.02
yuiE,0.7711
yuiG,0.98
yuiI,0.7827
dhbC,0.6025
dhbB,0.4391
yukL,0.6898
yvrA,1.05
yvqJ,1.1
yvqH,1.07
yvqF,1.15
yvqC,1.1
gerAB,1.02
yutM,1.04
paiB,0.9058
yuzG,1.12
yumB,1.42
yuiB,0.4538
yuiD,1.01
citG,0.797
yvqB,0.8556
yvtA,0.9594
mrgA,0.4837
yusX,0.7178
yusV,0.8686
yuiF,0.8267
yuiH,0.8423
dhbA,0.5256
dhbE,0.6124
yukM,0.757
yukJ,0.7838
yvyD,0.4311
cccB,0.5995
ftsX,1.03
yvzD,1.29
yvkA,0.9362
yvkC,0.0
yvfH,0.8063
lacR,0.9676
yvfM,0.8893
yvfO,0.8544
yvfS,0.8985
yvfU,0.865
uvrB,0.8651
yvzB,0.8351
yvlA,0.7681
yvlC,0.9371
yvmB,1.04
cypX,0.9928
yvfW,0.8364
yvbX,1.3
yvbV,1.06
yvbT,1.28
araE,0.9837
gap,0.9476
yvjA,1.12
ftsE,1.42
yvjB,0.885
yvjD,1.19
yvkB,1.13
csbA,1.2
yvfI,0.9682
yvfL,0.9186
lacA,0.96
yvfR,0.9137
yvfT,0.9257
yvfV,0.9251
uvrA,0.799
yvkN,0.9194
yvlB,0.6492
yvmA,0.8787
yvmC,0.9068
yvnA,0.9197
yvbY,0.7639
yvbW,0.8675
yvbU,0.8765
araR,0.8893
yvbQ,1.03
pgk,0.915
ywhR,1.2
sbo,0.9635
argS,0.829
fnr,0.5849
ywiD,0.9268
narH,0.7854
ywpD,0.9102
ywpF,0.9561
ywpH,0.9747
ywqB,1.27
ywqD,1.18
ywqF,1.23
narI,0.8595
ywjA,0.8317
ywjC,1.21
ywjE,1.53
rpoE,1.7
ywjG,1.32
ywqH,1.49
ywqJ,1.62
ywqL,1.52
ywqN,1.19
ywrA,1.07
ywrC,1.02
ywiA,1.7
ywiB,1.32
narK,1.03
ywiC,0.889
narG,1.14
narJ,0.95
ywpE,0.9884
ywpG,1.05
ywpJ,1.01
ywqC,1.48
ywqE,1.35
ywqG,1.15
ywiE,0.9528
ywjB,0.6724
ywjD,0.8535
acdA,0.8793
ctrA,0.8873
spo0F,0.744
ywqI,1.33
ywqK,1.39
ywqM,1.03
ywqO,1.12
ywrB,0.9281
ywrD,0.9485
hutI,0.8047
hutP,0.6651
yxiB,1.08
yxiD,0.9595
yxxE,0.9498
bglH,0.905
ywbA,0.9372
ywbC,0.8096
ywbE,1.13
ywbG,0.9281
ywbI,1.03
thiC,0.9204
yxxF,0.914
yxiF,0.8215
yxiG,0.9231
yxzG,0.9324
yxiJ,0.9659
yxiL,1.08
ywbO,0.8802
ywcB,1.01
ywcD,1.21
ywzA,1.27
qoxB,0.7815
qoxD,1.05
hutU,0.9044
yxiA,0.9291
yxiC,1.22
yxxD,0.9959
bglP,0.8419
yxiE,0.7736
ywbB,1.0
ywbD,0.8336
ywbF,1.1
ywbH,0.9245
thiK,0.9159
ywbM,0.6617
yxxG,0.8866
yxzC,0.8013
yxiH,0.8631
yxiI,0.8699
yxiK,0.8546
yxiM,0.8208
ywcA,0.7381
ywcC,0.95
galT,0.6423
qoxA,0.7386
qoxC,0.75
ywcE,0.8841
ytrP,0.873
yprA,0.0
yloN,0.0
yerG,0.0
wprA,1.01
yycJ,1.23
rocR,0.9805
rocE,1.13
phrG,0.8395
yycN,1.03
yycP,1.01
topB,1.14
polA,0.8787
mmgA,0.8536
ileS,1.11
dinG,1.2
carB,1.1
yycR,1.07
yydA,1.09
yydC,0.8849
fbp,1.16
yydG,1.39
yydI,1.14
ytsD,1.06
yrvE,1.07
yloP,0.9511
ykuA,0.9774
ydhL,1.08
valS,0.971
yyxA,1.32
rocD,1.16
rocF,1.2
rapG,0.8897
yycO,1.04
yycQ,0.9479
smc,1.07
murD,1.01
lonA,0.8789
hrcA,1.06
cheA,1.03
alaS,0.8712
yycS,0.9218
yydB,0.7303
yydD,0.9266
yydF,0.8533
yydH,1.08
yydJ,1.06
yveM,1.06
yutK,1.04
yueB,1.66
yufK,1.01
ytpQ,1.1
ytmO,0.9395
yndF,1.11
pksL,1.05
mcpC,0.8864
yisZ,0.7489
ydbH,1.16
ybxG,0.9938
ysdB,1.14
yrhE,1.03
yqcC,1.11
ponA,1.4
yomI,1.12
cgeC,0.9917
wapA,0.9744
ppsA,0.9847
pksM,1.03
yetO,1.15
rpoC,1.12
dra,0.7421
yvfQ,1.22
yukA,1.94
yuxO,1.19
glgC,0.9311
yttP,1.43
pykA,1.11
pksP,0.7392
pksK,0.9205
oppD,0.6474
srfAA,1.06
yccK,1.06
secE,1.0
rpmA,1.18
yrpC,1.46
yqgS,1.81
ypbR,1.19
yorL,0.9247
odhA,1.37
dhbF,0.5963
pksR,0.8133
yfkN,1.07
gutR,0.8586
yxeF,0.8269
galK,0.0
rbcL,0.7673
aceF,1.03
kdtA,1.02
tufA_E,0.83
yazC,0.8442
yrhC,0.9198
yerC,1.02
yshA,1.57
yoqX,1.03
yacF,1.13
yhcD,1.02
yetG,0.6952
ywnG,1.16
ywqA,1.39
degU,1.11
yvnB,1.13
cysS,0.925
yqjU,1.13
ylaI,1.3
yuaE,1.05
yqaD,1.01
yozD,1.07
yazB,0.9754
yfnB,0.9327
ywmD,0.9265
glcR,0.9992
ggaB,1.12
prfB,0.9941
yvoD,0.922
ybcD,0.8176
ndhF,0.6126
adaA,0.933
ybbU,0.9405
ybbT,1.1
ybbP,1.13
folK,0.8723
sul,0.8566
pabA,0.7661
cysK,0.4543
yacC,1.06
sigW,1.13
ybbJ,0.8366
ybbH,0.8431
ybbE,0.9234
ybbC,0.835
feuA,0.6796
yabT,1.09
yabR,1.57
yabQ,1.57
yabO,1.51
spoVT,1.06
ybcC,0.6715
adaB,1.13
alkA,1.06
glmS,1.73
ybbR,1.22
ybbM,0.9986
folA,1.07
pabC,0.8904
pabB,0.7675
yacD,1.12
yacB,1.14
ybbK,0.8821
ybbI,0.8785
ybbF,0.7839
ybbD,0.9506
ybbB,0.8224
feuB,0.983
yabS,1.03
divIC,1.34
yabP,1.27
yabM,1.35
spoVC,0.9688
ydaB,0.9503
ycsN,0.6392
yczI,0.9107
ycsO,0.6599
ycsI,0.8151
ycsE,0.9003
ycgF,0.8802
mdr,0.7952
lctE,0.1646
ycgB,0.889
opuAC,1.24
yceK,1.01
yczH,0.8774
ycsA,0.9275
mtlA,0.8816
ycnK,0.4642
ycnI,0.4077
ycxE,0.7838
yceI,0.826
yceF,0.7818
yceD,0.758
yceB,1.04
ycdI,2.03
ycdG,1.09
ydaA,1.02
yczJ,0.9958
ycsK,0.9944
ycsJ,0.4935
ycsF,0.6352
ycsD,0.9335
ycgE,0.8354
lctP,0.1889
amyE,0.6766
ycgA,0.8116
opuAB,1.19
yceJ,0.9383
sipU,1.05
mtlD,0.8503
ycnL,0.9291
ycnJ,0.539
gdh,1.01
ycnH,1.18
yceG,0.8219
yceE,0.741
yceC,0.6751
yceA,1.94
ycdH,1.96
ycdF,1.19
ydjJ,0.8996
ydjH,0.7468
ydjF,0.591
gutB,0.8914
ydjB,1.2
ydiR,0.9224
ydeI,1.07
ydeG,0.9738
ydeE,1.15
ydeC,1.11
ydeB,1.61
ydeA,1.13
ydiP,1.16
ydiN,1.18
groEL,1.05
ydiL,1.04
ydiJ,1.24
ydiH,1.04
yddS,1.22
yddQ,1.23
lrpA,1.4
phrI,0.9339
yddJ,1.1
yddH,0.99
ydjI,0.8303
ydjG,0.7502
ydjE,0.8576
ydjC,1.27
ydiS,0.8547
ydiQ,1.01
ydeH,1.52
ydeF,1.15
ydeD,1.37
ydzE,1.23
cspC,0.7401
yddT,2.1
ydiO,1.38
ydiM,1.17
groES,0.9116
ydiK,1.01
ydiI,1.04
ydiG,1.12
yddR,1.08
lrpB,1.05
yddM,1.02
rapI,0.9218
yddI,0.9217
yddG,0.9182
yfiR,0.7759
lipB,0.9757
yfiN,0.9594
yfiL,0.8289
yfiJ,1.04
yfiH,0.924
yfnE,0.9327
yfnG,1.07
yfnI,1.63
yetL,1.04
yetJ,0.9463
yezB,0.9601
yfiF,0.9262
yfiD,0.9058
glvC,0.8818
glvA,1.0
yfjB,1.52
yfjD,1.2
yetH,0.981
lplD,0.9665
lplB,0.9513
yetA,1.1
yesX,0.9658
yesV,0.9206
yfiQ,1.06
yfiO,1.09
yfiM,0.9396
yfiK,0.9658
yfiI,0.9501
yfiG,0.9969
yfnF,0.9853
yfnH,1.07
yetN,1.27
yetK,1.07
yezD,1.09
yetI,1.05
yfiE,0.8321
yfiC,1.63
yfiA,1.01
yfjA,1.24
yfjC,1.17
yfjE,1.12
yetF,0.8003
lplC,0.781
lplA,0.9714
yesZ,1.0
yesW,0.85
yesU,0.9529
yhjC,0.7605
yhxD,0.9557
yhzC,0.7287
yhfW,0.9485
yhfU,1.03
yhfS,0.9087
ygxB,1.48
yhdD,0.9248
yhdB,1.12
yhcZ,0.9326
yhxB,1.16
glpK,1.76
yhfO,0.9596
yhfN,1.22
yhfL,1.01
yhfJ,1.62
yhfH,0.7242
yhfF,0.8782
glpP,1.27
yhcX,1.97
yhcV,1.23
yhcT,1.29
yhcR,1.02
yhcP,1.01
yhjA,0.8897
comK,0.8373
yhxC,0.9819
yhfV,0.9511
yhfT,1.34
yhfP,1.3
yhdE,1.34
yhdC,1.07
yhdA,0.9928
yhcY,1.09
glpD,0.9691
glpF,1.61
aprE,0.9266
yhfM,0.9393
yhfK,1.44
yhfI,1.6
gltT,1.1
yhfE,0.8662
yhxA,1.23
yhcW,2.31
yhcU,1.18
yhcS,0.8415
yhcQ,0.9186
yhcO,0.8441
yjqB,1.05
xlyB,0.914
phrA,0.8654
yjoB,1.05
yjnA,0.9057
yjmI,0.8649
yjbC,1.62
oppF,0.6338
oppB,0.7384
trpS,0.6521
appC,0.705
appA,0.7419
yjmG,0.8763
yjmE,0.8774
yjmC,0.9641
yjmA,0.9129
yjlC,0.8766
yjlA,1.1
appD,0.7213
yjaY,1.14
yjzA,1.22
yjaV,0.9017
yjzD,0.9724
argF,0.3938
yjqA,1.06
yjpA,1.21
rapA,1.03
yjoA,1.61
yjmJ,0.9293
yjmH,0.8841
yjbB,0.8938
oppC,0.631
oppA,0.6185
yjbA,0.9276
appB,0.8135
appF,0.6963
yjmF,0.8566
yjmD,0.9976
yjmB,0.8144
yjlD,0.8707
yjlB,0.9435
yjkB,0.9276
yjaZ,0.7684
yjzB,0.9962
med,1.07
yjaU,0.789
yjzC,0.7334
pdhA,0.9844
ykrB,0.9773
ykzG,1.1
adeC,1.25
ykqA,1.04
abh,0.8744
ykrL,1.04
sspD,0.9173
ykoZ,1.03
ykoV,0.9361
ykoT,0.9168
ykoQ,0.9999
ykpC,0.9401
ykpB,0.7615
ykoA,1.2
fruA,0.9092
yknZ,1.09
yknX,1.14
ykoN,1.05
ykoL,1.14
tnrA,1.2
ykzD,0.9793
ykoI,1.1
ykoG,1.01
ykyA,1.22
ykrA,0.9908
ykqC,0.8769
ykqB,1.14
kinC,1.15
mreBH,0.9722
ykrK,1.23
ykrI,1.22
ykoX,1.12
ykoU,1.22
ykoS,0.942
ykoP,1.13
ampS,1.07
ykpA,1.01
sipT,1.65
fruR,1.14
yknY,0.8976
yknW,0.7433
ykoM,1.04
ykzB,1.16
ykoK,1.56
ykoJ,0.9625
ykoH,1.04
ykoF,1.3
rbfA,1.04
infB,1.22
ylxR,1.47
ylxS,1.48
yluC,1.21
cdsA,1.34
ylnB,0.6238
cysH,0.6066
pyrF,0.8029
pyrDII,0.804
pyrC,1.26
pyrP,1.77
frr,0.9687
tsf,0.9405
ylxL,1.37
cheD,1.19
cheW,1.02
cheB,1.09
ylyB,1.78
ylyA,1.14
divIVA,0.9302
ylmG,1.34
ylmE,1.32
ylmC,1.02
ylxP,1.44
ylxQ,1.43
nusA,1.62
proS,1.17
yluB,1.43
yluA,1.37
ylnA,0.7472
pyrE,0.9046
pyrD,0.8986
pyrAA,1.12
pyrB,1.75
pyrR,2.47
smbA,1.19
rpsB,0.6137
sigD,1.52
cheC,1.02
ylxH,1.13
lsp,1.67
ylmH,1.47
ylmF,1.15
ylmD,1.22
ylmB,0.8323
yoaT,1.06
yoaS,1.2
yozF,0.9969
yoaP,1.12
yoaN,1.04
pelB,1.19
yncM,0.7661
ynzH,1.34
yncE,1.56
yncC,1.16
xylB,1.14
xylR,1.11
yoaJ,1.01
yoaH,1.16
yoaF,0.7553
yoaD,0.9984
yoaB,0.8096
yoxB,1.03
ynaJ,0.9828
ynaG,1.16
ynaE,1.18
ynaC,1.35
ynzG,1.1
ynxB,1.24
yozG,1.08
yoaR,1.06
yoaQ,1.32
yoaO,1.14
yoaM,1.15
yoaK,1.23
thyA,1.31
yncF,1.37
yncD,1.52
yncB,1.39
xylA,1.29
xynB,1.26
yoaI,1.05
yoaG,1.38
yoaE,0.8229
yoaC,0.7067
yoaA,0.8929
yoxC,1.19
ynaI,0.9826
ynaF,1.08
ynaD,1.06
ynaB,1.4
ynzF,0.7953
glnA,0.657
yopS,1.03
yopU,0.8274
yopW,0.82
yopY,0.7478
yoqA,0.8095
yoqC,0.9585
cgeD,1.02
yodT,1.04
yodR,1.01
yodP,0.9882
yozE,1.03
yodM,1.34
yoqE,0.9107
yoqG,0.8633
yoqI,0.9187
yoqK,0.9372
yoqM,0.8328
yoqO,1.25
deoD,1.72
yodI,1.04
ctpA,1.07
yodE,1.04
yodC,1.01
yojA,1.03
yopT,0.825
yopV,0.9913
yopX,0.817
yopZ,0.965
yoqB,0.9907
yoqD,0.8996
cgeE,1.16
yodS,0.9522
argE,0.9814
yodO,1.03
yodN,1.29
yodL,1.43
yoqF,0.9154
yoqH,0.9696
yoqJ,0.9878
yoqL,0.9893
yoqN,0.9593
yoqP,0.9753
yodJ,1.55
yodH,0.9571
yodF,0.6481
yodD,0.9439
yodA,1.0
yojB,1.0
hbs,0.946
mtrB,0.9806
gerCB,1.28
ndk,1.01
aroF,0.6563
aroH,0.6651
ypmP,0.6411
ypmR,1.08
ypmT,1.02
ypoP,1.1
yppQ,0.8955
yokA,0.9611
trpD,0.9742
trpF,0.9289
trpA,1.42
tyrA,1.19
ypiA,1.35
ypiF,1.1
yokC,1.18
yokE,1.56
yokG,0.7618
yokI,1.07
yokK,1.37
yolA,1.03
mtrA,1.19
gerCA,2.2
gerCC,1.72
cheR,0.819
aroB,0.677
trpE,1.16
ypmQ,0.8406
ypmS,1.05
ypnP,0.9972
yppP,0.9868
ypqP,1.15
yokB,0.9875
trpC,1.05
trpB,0.993
hisC,1.13
aroE,0.8049
ypiB,0.7267
qcrA,0.9478
yokD,1.06
yokF,1.3
yokH,0.8918
yokJ,1.13
yokL,1.46
yolB,1.11
yqgY,1.02
yqhA,1.18
yqxL,1.09
comGB,0.9412
comGD,0.9139
comGF,1.15
yqjQ,1.02
yqjS,0.9772
yqjV,1.06
yqjW,1.11
yqjY,1.19
yqkA,1.07
yqzE,1.17
yqxM,1.14
cotN,0.7171
sinI,1.02
yqhH,0.9846
yqhJ,0.7321
yqkC,1.12
yqkE,1.45
yqkG,0.9536
ansA,1.22
yqkI,1.06
yqkK,1.22
yqgZ,1.64
yqhB,1.13
comGA,0.9273
comGC,1.01
comGE,1.02
comGG,1.35
yqjR,1.05
yqjT,0.9812
yqzH,1.07
yqjX,1.11
yqjZ,1.25
yqkB,1.11
yqzG,1.01
sipW,0.9432
sinR,0.982
yqhG,0.9521
yqhI,0.6627
yqhK,0.7257
yqkD,1.2
yqkF,1.58
ansR,1.12
ansB,1.01
yqkJ,0.837
spoIIM,1.04
yrpD,1.19
aadK,0.9201
yrdB,0.987
yrdD,0.9149
yrdF,1.04
azlC,1.07
yqcJ,0.8917
yqcL,1.01
spoIVCA,1.02
nucB,0.9383
yqeC,1.02
yqeE,1.1
brnQ,1.06
gltR,1.4
czcD,0.9799
yrdQ,1.09
yrkA,1.26
blt,1.08
yqeG,1.3
aroD,1.29
yqeJ,1.36
yqeL,1.22
comER,1.12
comEB,0.975
yrpB,1.15
yrdA,1.4
yrdC,1.07
cypA,1.09
azlB,1.14
azlD,0.9118
yqcK,0.9858
yqcM,0.9736
spoIVCB,0.9484
yqeB,1.38
yqeD,0.0
yqeF,1.25
yrdK,0.9668
yrdN,0.9414
trkA,0.9274
yrdR,0.9141
bltD,1.06
bltR,1.08
yqeH,1.26
yqeI,1.28
yqeK,1.23
yqeM,1.16
comEA,0.9952
comEC,1.14
ysdC,0.7987
araA,0.7121
araD,0.8057
araM,0.8317
araP,0.7934
abfA,0.8663
yrbB,0.7765
yrbD,0.8579
yrzG,0.9103
yrbE,0.8866
bofC,1.04
ruvB,0.9918
ysfE,1.04
ysfC,0.8785
ysfA,0.8933
pheS,0.665
ysgB,0.9983
yshC,1.01
tgt,0.9923
yrzE,1.03
spoVB,1.13
yrvB,1.03
yrvC,1.17
abnA,0.6943
araB,0.5312
araL,0.0
araN,0.0
araQ,0.8729
cstA,1.03
yrbC,1.09
yrzH,0.9584
yrzF,0.994
csbX,1.01
ruvA,1.25
queA,0.9482
ysfD,0.86
ysfB,0.8208
ysgA,0.9909
pheT,0.6573
yshB,0.9661
yshD,0.9385
yrbF,1.14
yrbG,0.9546
yrzD,1.05
secF,0.9456
yrvD,1.31
apt,1.38
ytxO,0.9711
ytcB,0.9131
ytdA,1.02
menF,1.33
ytxM,1.07
menE,0.9001
ytmQ,1.02
malS,0.8227
ytoP,1.0
ytpP,1.12
ytpS,1.12
murC,1.17
ytgA,0.92
ytgC,0.9876
ythB,1.08
ytiA,1.35
ytjA,1.04
ytkA,0.8553
ytxH,0.9031
aroA,0.4749
ytxD,1.14
acuC,1.0
acsA,0.9961
rpsD,0.6378
ytcC,1.19
ytcA,0.9337
yteA,0.9873
menD,1.19
menB,0.9928
ytfD,0.9832
ytnP,0.7992
ytzB,1.75
ytoQ,1.1
ytpR,0.0
ytpT,0.0
ytxG,0.0
ytgB,0.9301
ytgD,0.9485
ythA,0.9356
ytiB,1.0
ytjB,0.7385
dps,2.08
ytxJ,0.8861
ccpA,0.9832
ytxE,1.37
acuA,1.07
tyrS,0.8512
yusU,0.9964
yusS,0.9035
yusQ,1.03
yusO,1.27
yusM,0.9601
yusK,0.842
yuxI,0.9055
yukE,0.8443
yukC,2.21
yueC,1.62
yueE,1.16
yuzE,1.23
yusI,1.74
yusG,1.23
yusE,1.18
yusC,1.18
yusA,1.1
yurY,1.51
yueG,1.24
yueI,1.29
yueK,0.9743
yuzC,0.9984
comQ,1.04
comP,1.1
yusT,0.9115
yusR,0.9614
yusP,1.13
yusN,0.9316
yusL,0.0
yusJ,0.9044
ald,0.8644
yukD,2.11
yukB,1.93
yueD,1.77
yuzF,1.29
yueF,1.16
yusH,1.14
yusF,1.16
yusD,1.22
yusB,1.12
yurZ,0.8681
yurX,1.08
yueH,1.23
yueJ,0.9354
yuxH,1.19
degQ,1.22
comX,1.12
comA,1.17
yvoA,0.8534
nagA,0.7805
lgt,0.7779
yvpA,0.9033
hisZ,0.8753
hisD,0.8474
tpi,0.7851
eno,0.7541
yvbJ,0.9341
yvbH,0.9743
yvbF,1.08
opuCB,1.28
hisH,0.3184
hisF,0.3878
yvcA,1.02
yvzA,1.64
yvcD,1.13
trxB,1.26
opuCD,1.07
yvaZ,0.9944
yvaX,1.58
yvaV,1.06
opuBC,1.09
yvaQ,1.26
nagB,0.9682
yvoB,0.9804
yvpB,0.9572
hisG,0.8995
hisB,0.7823
pgm,1.01
yvbK,0.8047
yvbI,0.985
yvbG,1.15
opuCA,1.39
opuCC,1.18
hisA,0.3437
hisI,0.3858
yvcB,1.13
yvcC,0.9819
yvcE,1.5
yvcI,1.02
yvbA,0.8395
yvaY,1.01
yvaW,1.33
opuBB,1.07
opuBD,1.04
yvaP,1.03
fbaA,0.776
murZ,1.27
rpmE,1.37
ywkB,0.9295
ywkD,1.04
ywkE,0.9891
ywrE,0.9293
cotG,0.9732
cotB,1.04
ywrK,0.8476
alsS,1.01
ywrO,1.03
ywlA,1.05
ywlB,1.0
ywlE,0.9008
ywlG,0.9635
upp,0.9686
atpB,0.9005
ywsB,1.18
rbsC,1.04
rbsD,1.05
rbsR,1.21
ywtA,1.03
ywtC,0.9826
ywjH,0.9301
ywjI,1.17
ywkA,1.03
ywkC,1.11
prfA,0.9446
ywkF,1.05
ywrF,1.15
cotH,0.8762
ywrJ,1.01
alsR,1.15
alsD,1.07
ywsA,0.9936
spoIIR,0.9439
ywlD,0.9623
ywlF,0.9972
glyA,0.5436
atpI,1.4
atpE,0.6955
rbsB,1.03
rbsA,0.8819
rbsK,1.13
ywsC,1.02
ywtB,0.9398
ywtD,1.44
deaD,0.9114
yxiP,1.15
bglS,0.8801
katB,1.02
yxiT,0.968
yxjB,1.26
ywcF,1.21
ywcH,0.8451
ywcI,0.7024
ywcJ,0.6976
sacA,0.9486
thiD,0.9529
yxjD,0.825
yxjF,0.808
yxjH,0.7754
yxjJ,0.7926
yxjL,0.8902
yxjN,0.9736
ywdD,0.9955
ywdF,1.06
ywdH,1.05
ywdJ,1.31
ywdL,1.01
spsB,0.9298
yxiO,1.12
licT,1.02
yxiQ,0.9515
yxiS,1.05
yxjA,0.925
yxjC,0.0
ywcG,1.16
vpr,0.7174
sacT,0.7113
sacP,1.04
ywdA,1.17
ywdC,1.02
yxjE,0.8096
yxjG,0.8133
yxjI,0.6654
pepT,0.7937
yxjM,0.8449
yxjO,0.8787
ywdE,0.8716
ung,0.9567
ywdI,1.39
ywdK,0.9727
spsA,0.8993
spsC,0.8554
rnpA,1.64
jag,1.23
gidB,1.22
yydK,0.9824
bglA,0.8854
ahpC,0.9982
gntP,1.1
gntR,1.03
yxaB,1.11
yyaB,0.9755
spo0J,0.8263
yyaD,0.8058
yyaF,0.991
ssb,0.8352
exoA,0.858
yxaD,1.06
yxaF,1.18
yxaH,1.09
yxaJ,0.963
yxaM,0.8979
yxbB,0.6543
rpmH,1.3
spoIIIJ,0.0
thdF,1.33
yyaA,0.0
yyzE,1.13
ahpF,0.0
gntZ,0.0
gntK,0.0
yxaA,1.03
yxaC,1.05
soj,0.8535
yyaC,0.9146
yyaE,1.01
rpsF,0.9777
rpsR,0.814
yyaG,0.9073
yxnA,0.9566
yxaG,0.8839
yxaI,1.24
yxaL,0.686
yxbA,0.662
yxbC,0.7804
gltA,0.5885
ppsE,1.13
ebrA,1.29
ymfG,1.69
bpr,1.14
cheV,1.05
rho,1.17
tagD,0.9999
yvfE,0.6866
yvgP,1.05
yurC,0.981
aapA,1.02
spoIIS,1.38
xtmB,0.9703
yhjN,1.06
yhaA,1.01
yheJ,0.9374
yfmB,0.9621
yqhQ,1.1
yosN,1.23
pnpA,1.37
flhA,1.15
fliP,1.15
fruB,0.943
ppsC,0.975
yngB,0.9921
pyrAB,0.9275
polC,1.43
pycA,0.953
ptsH,1.17
tdk,1.4
yvfC,0.7616
yvfK,0.882
yusY,0.9056
ysnF,1.35
lepA,1.07
xkdO,0.9921
yirY,1.04
yhfQ,0.8464
yhaQ,1.15
yfkL,1.03
yfnC,0.875
spoIIIAG,1.04
yojG,1.21
flhF,1.07
flhB,1.04
cheY,0.8548
moaD,1.06
hprT,1.16
yvoF,0.8622
yvdS,0.9325
sacB,0.8981
ffh,0.0
ssuC,0.8824
yvfP,0.9903
ctc,1.13
ppsB,0.8875
yvgR,0.7289
ydjK,0.9129
spoIIE,1.0
ywbL,0.816
sigL,0.9291
yacA,1.54
yvdR,0.8945
yveB,0.8334
yqxK,0.9443
yhaR,0.9749
pnbA,0.965
ytnM,1.03
prs,1.03
ykoW,0.9925
cotA,0.8341
ydjA,0.9829
hutH,0.7549
secA,0.8971
ybaS,0.7927
ybaN,0.6647
gerD,0.7819
cwlD,0.7384
ybaJ,0.8707
rplM,1.22
gcaD,1.46
yabJ,0.9002
yabH,0.9676
veg,0.7509
ksgA,1.11
ybaF,1.05
ybxA,1.03
rpoA,1.23
rpsM,1.01
infA,0.9287
adk,1.46
abrB,1.01
yazA,1.14
yabA,0.9927
holB,1.05
yaaQ,1.02
ybaR,1.02
kbaA,0.6645
ybaL,1.04
ybaK,0.7033
rpsI,1.07
truA,1.29
spoVG,0.6948
purR,1.06
sspF,1.14
yabG,0.9427
yabF,1.28
ybaE,1.1
rplQ,1.06
rpsK,0.9325
rpmJ,1.02
map,1.08
secY,0.9446
yabC,1.05
yabB,1.05
yaaT,1.01
yaaR,1.03
tmk,0.9813
ycnG,0.8273
yczG,1.01
ycnD,0.9241
yclQ,0.7056
yclO,0.9795
yclM,0.7764
rapJ,1.02
ycdC,1.06
natB,0.9056
yccH,1.07
yccF,1.19
yczB,0.9711
yclK,0.832
yclI,0.8797
gerKB,0.8792
gerKA,0.9536
yclE,0.8656
yclC,0.8855
cwlJ,1.1
ycbO,0.975
ycbL,0.9444
yczA,0.9761
ycbH,1.02
ycbF,0.937
ycnF,0.8987
ycnE,1.15
ycnC,1.39
yclP,0.9549
yclN,1.06
rapC,1.31
ycdD,1.01
ycdA,1.24
natA,0.9261
yccG,1.03
lipA,1.42
phoD,0.9968
yclJ,0.7522
yclH,0.8935
gerKC,0.7645
yczF,0.8352
yclD,0.8619
yclB,0.9645
ycbP,1.49
ycbN,0.8857
ycbK,0.8871
ycbJ,0.863
ycbG,0.7994
ycbE,0.985
ydiF,1.02
ydiD,1.19
ydiB,1.35
ydhU,0.7362
ydhS,0.7449
ydhQ,0.7931
yddF,1.13
yddC,0.9891
yddA,0.8601
ydcS,0.9595
ydcQ,0.963
ydcO,1.03
ydhO,1.08
ydhM,0.8757
ydhK,1.41
ydhI,1.16
ydhG,1.32
ydhF,0.8922
ydcN,1.07
ydcL,1.22
ydcH,1.34
ydcF,1.12
sigB,1.28
rsbU,1.18
ydiE,1.01
ydiC,1.32
ydiA,1.43
ydhT,0.7468
ydhR,0.7864
ydhP,0.8881
yddD,1.04
yddB,0.8533
ydcT,1.01
ydcR,1.07
ydcP,0.9998
sacV,1.02
ydhN,0.8475
ydhJ,1.07
ydhH,0.9784
phoB,0.9592
ydhE,0.8156
ydcM,1.01
ydcK,1.09
ydcG,1.11
rsbX,1.27
rsbW,1.04
rsbT,0.9863
yfjF,1.19
acoR,1.07
acoC,1.04
acoA,1.1
yfjM,1.1
yfjO,1.24
yesT,0.9305
yesR,0.9951
yesP,0.8668
yesM,0.8663
yesK,0.7683
cotJB,0.8963
yfjQ,1.78
yfjS,1.22
yfkA,1.46
yfkC,1.11
yfkE,1.04
yfkJ,0.9972
yesF,0.8798
yeeK,1.11
rapH,1.18
yezA,1.25
yeeC,1.51
yeeA,1.48
yfjU,1.2
acoL,0.9029
acoB,0.8948
yfjL,1.22
yfjN,1.35
yfjP,1.12
yesS,0.8325
yesQ,0.9106
yesO,0.931
yesL,1.05
yesJ,0.8989
cotJA,0.963
yfjR,1.18
yfjT,1.47
yfkB,1.2
yfkD,0.9912
yfkH,1.13
yfkK,0.9288
yesE,0.9682
yeeI,0.0
yeeG,1.01
yeeD,1.14
yeeB,1.41
yefC,1.42
yhfD,1.07
yhfB,0.9705
yhgD,1.43
hemH,0.6784
pbpF,1.12
yhgB,0.893
yhcN,0.9698
yhcL,0.8558
yhcJ,1.36
yhcI,1.02
yhcG,1.05
yhcE,1.0
ecsC,1.01
ecsA,1.03
serC,0.6255
yhaH,0.8377
yhaI,1.07
yhaK,1.24
yhcB,1.13
yhbJ,1.21
yhbH,0.9629
yhbF,0.8296
yhbD,0.8284
yhbA,1.07
yhfC,0.9768
yhgE,1.34
hemY,0.9459
hemE,0.7301
yhgC,1.8
yhfA,1.07
yhcM,0.7275
yhcK,1.24
cspB,1.01
yhcH,1.19
yhcF,1.08
yhcC,1.14
ecsB,1.01
hit,0.962
yhaG,0.8772
hpr,0.5428
yhaJ,1.26
prsA,1.04
yhcA,0.967
yhbI,1.11
prkA,0.857
yhbE,0.7921
cspR,1.08
yhzB,1.15
yjkA,0.9214
yjiC,1.11
yjiA,1.15
yjhA,1.31
yjgB,0.9137
yjfC,1.12
carA,0.5719
argB,0.5965
argC,0.7738
yitY,1.17
yitW,1.08
yitU,1.05
yjfA,0.9733
cotT,0.9841
yjdJ,1.12
yjdG,1.1
yjdE,1.06
yjdC,1.0
yitT,1.19
nprB,0.9446
yitQ,1.01
yitO,0.9586
yitM,1.01
yitK,0.8086
yjjA,1.07
yjiB,1.23
yjhB,1.44
yjgD,1.28
yjgA,1.14
yjfB,1.09
argD,0.7003
argJ,0.7479
yitZ,0.9893
yitX,1.2
yitV,1.09
ipi,1.11
yjeA,1.16
yjdK,0.8714
yjdI,1.12
yjdF,1.06
yjdD,0.9219
yjdB,0.9859
yitS,1.06
yitR,0.8853
yitP,0.9911
yitN,0.9318
yitL,0.7645
yitJ,0.7065
yknV,1.02
moaE,0.95
moeA,1.05
mobA,1.16
ykuV,1.34
ykuT,1.18
ykoE,0.9879
ykoC,1.06
ispA,0.8092
yknA,0.9029
ykmA,0.9611
proA,0.7544
ykuR,0.8502
ykuP,0.6826
ykuN,0.7823
ykuL,1.3
ykuK,1.48
ykuI,1.28
ykkE,1.06
ykkC,1.05
ykkA,0.9309
ykzH,0.9495
ykhA,1.1
ykgB,0.8725
yknU,0.6017
mobB,1.25
moeB,1.24
ykuW,0.7236
ykuU,1.66
ykuS,0.8769
ykoD,1.21
ispU,1.02
metC,0.8482
ykzA,2.07
yklA,0.7118
proB,0.8844
ykuQ,1.1
ykuO,0.8067
ykuM,1.14
ykzF,1.24
ykuJ,1.3
ykuH,1.41
ykkD,0.973
ykkB,0.858
ykjA,0.7598
hmp,0.6754
ykgA,0.8701
ykfD,0.7711
fliR,1.07
fliZ,1.05
fliM,0.8641
flgE,0.7021
fliK,0.9109
fliJ,1.18
ylmA,0.8215
sigE,0.9503
ftsZ,0.7444
sbp,1.57
ylxW,1.32
murB,1.22
fliH,1.05
fliF,1.12
flgC,0.9123
codY,1.32
clpQ,1.76
gid,1.57
spoVE,1.46
mraY,1.26
pbpB,1.67
ylxA,1.64
yllA,1.41
ylbP,1.07
fliQ,1.12
fliY,0.8942
fliL,0.9725
ylxG,1.01
ylxF,1.28
fliI,1.01
sigG,1.12
spoIIGA,1.06
ftsA,1.17
ylxX,1.46
divIB,1.42
murG,1.5
fliG,0.9918
fliE,0.965
flgB,1.03
clpY,1.51
codV,2.0
topA,1.43
murE,1.27
ftsL,1.46
yllB,1.88
ylbQ,1.15
ylbO,1.15
yoxD,1.59
proH,1.11
gltC,0.8218
yogA,0.8681
ggt,0.8714
yoeC,1.1
glnR,1.5
ynbA,1.28
cwlC,1.1
nrdF,0.9434
ymaA,1.6
ymzC,0.9945
yoeA,0.9217
pbp,0.8956
yngK,0.9732
yngJ,1.0
yngH,0.9293
yngF,0.9263
miaA,1.12
ymaG,1.04
ymaD,1.46
aprX,1.26
ymzB,1.06
pksN,0.8093
rtp,0.8582
proJ,1.13
gltB,0.5872
yofA,0.9038
yoeD,1.2
yoeB,0.4738
ynbB,1.29
spoVK,1.21
ymaB,1.03
nrdE,1.07
ymzA,1.17
ymaH,0.8316
yoxA,0.7794
yngL,0.9988
ynzE,0.868
yngI,1.07
yngG,0.925
yngE,1.19
ymaF,1.02
ebrB,1.1
ymaC,1.18
ymaE,0.9349
pksS,0.968
pksJ,0.971
yoqR,0.8758
yoqT,0.9946
yoqV,1.08
yoqY,0.8822
yorA,0.9337
yorC,0.9632
yojC,0.948
yojF,1.13
yojI,1.25
yojK,1.07
yojM,0.9946
yojO,1.36
yorE,1.15
yorG,0.8194
yorI,0.9564
yorK,0.9809
yorN,0.95
yorP,0.7868
yocS,0.6392
sodF,1.09
dhaS,1.48
yozO,0.8167
yozN,1.04
yocL,1.16
yoqS,1.12
yoqU,1.15
yoqW,0.6874
yoqZ,1.02
yorB,0.8403
yorD,1.11
yojE,1.18
yojH,1.21
yojJ,1.02
yojL,1.24
yojN,1.26
odhB,1.08
yorF,0.8058
yorH,0.8819
yorJ,0.9784
yorM,0.962
yorO,0.8612
yorQ,0.8446
yocR,0.7637
sqhC,0.9976
yozC,0.9919
yocN,0.9402
yocM,0.8865
yocK,1.03
qcrC,0.7613
ypjB,1.23
ypjD,1.46
ypjF,1.35
ypjH,1.51
birA,1.26
yolC,0.9872
uvrX,1.0
sunA,0.667
yolI,1.11
yolK,0.9819
yomB,0.8951
panC,1.12
ypmB,1.12
asnS,0.9891
nth,1.3
yppB,1.54
yomD,1.08
yomF,0.8561
yomH,1.03
yomK,1.26
yozP,1.23
yomN,0.8525
ypjA,1.22
ypjC,1.69
dapB,1.64
ypjG,1.6
papS,1.37
panB,1.1
yolD,1.07
yolF,0.959
sunT,0.0
yolJ,1.16
yomA,0.9805
yomC,0.9315
panD,1.14
ypmA,0.0
aspB,1.09
dnaD,1.21
ypoC,1.09
yppC,1.14
yomE,0.9377
yomG,0.9857
yomJ,1.03
yomL,1.61
yomM,0.9997
yomO,0.853
yqhL,1.24
yqhN,1.55
yqhP,0.9477
yqhS,1.12
efp,0.9807
spoIIIAA,1.01
yqkL,1.35
drm,1.09
dacF,0.9539
spoIIAB,0.7677
spoVAA,0.9834
spoVAC,0.9113
spoIIIAC,1.06
spoIIIAE,1.0
spoIIIAH,0.9167
accC,1.01
yqhZ,0.9384
yqiB,1.41
spoVAE,0.9311
lysA,0.7645
ppiB,0.9773
ypuB,0.9562
ypzC,1.13
ypuD,1.02
yqhM,1.19
yqhO,1.06
yqhR,1.17
yqhT,1.39
yqhV,0.9717
spoIIIAB,0.9794
ripX,1.45
pnp,1.0
spoIIAA,0.8262
sigF,0.7189
spoVAB,0.9418
spoVAD,0.9028
spoIIIAD,0.9263
spoIIIAF,0.9005
accB,0.9002
yqhY,1.05
folD,0.9183
yqiC,1.27
spoVAF,0.9757
ypuA,1.12
ypzD,0.9181
ypuC,0.9638
sipS,1.09
ypuE,1.19
yrkB,0.9488
yrkD,1.08
yrkF,1.03
yrkH,0.8828
yrkJ,0.9462
yrkL,1.03
yqeN,1.03
gpr,0.9276
yqxA,0.9255
dnaK,1.19
yqeT,1.32
yrkN,0.9439
yrkP,1.09
yrkR,1.18
spoIIIC,1.15
yqaC,0.8983
yqaF,0.9982
yqeV,1.25
rpsU,0.9274
yqeZ,0.9134
yqfB,0.9424
yqfD,1.18
yqfF,1.39
yrkC,1.21
yrkE,0.8306
yrkG,0.9293
yrkI,0.9852
yrkK,1.31
yrkM,0.9639
rpsT,1.23
spoIIP,0.0
hemN,1.25
grpE,1.33
dnaJ,1.51
yqeU,1.51
yrkO,1.06
yrkQ,0.9334
yrkS,0.774
yqaB,0.9471
yqaE,0.8337
yqdA,0.9778
yqeW,0.9127
yqeY,0.8573
yqfA,0.7394
yqfC,0.8397
phoH,1.21
yqfG,1.03
yshE,1.01
ysiA,0.9039
etfB,0.8402
xsa,0.8368
uvrC,0.9094
lysC,0.6695
relA,0.9643
yrvJ,1.04
hisS,0.679
yrvM,1.22
yrzC,1.4
yrvP,1.27
sdhC,1.08
sdhB,1.01
gerE,1.17
racE,1.24
rph,0.8667
ysnB,0.8404
yrrB,1.52
yrrD,1.05
glnM,1.05
glnQ,0.9648
yrzB,1.09
lcfA,0.9657
ysiB,0.8863
etfA,0.9527
trxA,1.48
ask,1.08
yslB,0.8528
yrvI,1.11
yrzK,1.19
aspS,0.688
yrvN,0.9983
yrvO,1.24
yrrA,1.24
sdhA,1.05
ysmA,0.9666
ysmB,0.0
gerM,0.7955
ysnA,0.7652
ysnE,0.7189
yrrC,0.0
glnP,0.9956
glnH,0.8556
yrrI,0.8914
yrrK,0.9755
yrrL,0.0
ytkC,1.03
ytlC,1.04
ytlA,1.01
ytmB,0.983
metK,1.16
ytnA,0.9719
ytsP,1.02
ytwP,0.8597
nifZ,1.17
sspA,1.15
ytcJ,1.12
yteI,1.36
ytpA,1.58
ytqA,1.08
ytrA,1.1
ytrC,1.09
ytrE,0.9719
ytsA,0.9731
ytfI,1.01
ytxK,1.05
moaB,1.29
argH,0.9213
ytkK,1.54
ytlI,0.945
ytlD,0.9952
ytlB,1.06
ytmA,1.02
pckA,0.9715
asnB,1.54
ytoA,1.51
ytvP,1.3
braB,1.27
ytbJ,1.34
ytcI,0.9229
ytdI,1.23
yteJ,1.31
ytqB,1.12
ytzC,0.9434
ytrB,0.99
ytrD,1.03
ytrF,0.7917
ytsB,0.8798
ytgI,0.7703
ackA,1.16
argG,0.8905
ytzD,0.8675
ytkL,1.23
ytmI,0.8698
yurW,1.11
yurU,0.9428
yurS,0.9507
yurQ,0.9279
yurO,0.4988
yurM,0.5897
yufB,1.33
yufD,1.12
yufU,1.23
yufS,0.7506
yufQ,0.6562
yufO,0.9984
yurK,0.6564
yurI,0.8994
yurF,0.8937
yurD,0.8942
yunM,0.8507
yunK,0.8814
yufM,1.17
yuxK,1.04
yuxJ,0.9963
kapB,1.09
patB,1.11
yugF,0.9893
yurV,1.28
yurT,0.9829
yurR,1.02
yurP,0.4573
yurN,0.5787
yurL,0.5596
yufC,1.43
yufV,1.27
yufT,1.05
yufR,0.8362
yufP,0.6629
yufN,0.4751
yurJ,0.5407
yurH,0.7278
yurE,0.7674
yurB,0.7278
yunL,0.8581
yunJ,0.7421
yufL,1.02
pbpD,1.04
kapD,0.8833
kinB,0.8521
yugE,1.0
yugG,0.7557
yvcJ,0.9958
yvcL,1.01
yvcN,0.9137
yvcQ,1.08
yvcS,0.9655
yvdA,1.0
yvaO,0.9441
yvzC,0.9096
yvaL,0.821
yvaJ,1.19
yvaG,0.9085
yvaE,0.8992
yvdC,0.7935
yvdE,0.9585
yvdG,0.9285
yvdI,0.9737
yvdK,0.8844
yvdM,0.9108
yvaC,0.0
yvaA,1.31
yvgY,0.8776
yvgW,0.0
yvgU,0.8775
yvgS,0.9847
yvcK,0.939
crh,0.9969
yvcP,0.9287
yvcR,1.12
yvcT,1.32
yvdB,0.8412
yvaN,0.8742
yvaM,0.9355
yvaK,0.9992
yvaI,1.01
yvaF,0.8829
yvaD,1.08
yvdD,0.6558
yvdF,0.8245
yvdH,0.8689
yvdJ,1.15
yvdL,0.925
clpP,1.46
yvaB,0.0
yvgZ,0.6801
yvgX,0.0
yvgV,0.6006
yvgT,0.9408
yvgQ,0.6443
atpF,0.7764
atpA,0.8104
atpD,0.7174
ywmA,0.9206
ywmB,1.5
spoIID,0.9651
ywtE,1.01
ywtG,1.08
gerBB,0.9487
pmi,1.12
tagC,1.32
tagA,1.3
ywmE,0.9471
narA,1.27
ywmF,0.9249
ureA,0.7558
ureC,0.6977
ywnB,0.9192
tagF,0.0
ggaA,1.43
lytR,0.9031
lytC,1.25
tuaB,1.1
tuaD,1.03
atpH,0.8756
atpG,0.8677
atpC,0.8033
ywzB,0.9404
murA,1.21
ywmC,0.9761
ywtF,1.45
gerBC,1.14
gerBA,1.21
lytD,1.18
tagB,1.45
tagE,1.79
narQ,1.19
rapB,0.8896
ywmG,2.46
ureB,0.5367
ywnA,0.8666
ywnC,1.01
tagG,1.54
yvyH,0.7604
lytB,1.24
tuaA,0.9369
tuaC,0.9406
tuaE,0.9674
yxkA,0.8911
yxkC,0.8475
aldY,0.8212
msmX,0.8438
yxzE,0.8572
yxkJ,0.7842
spsD,0.9481
spsG,0.8849
spsJ,0.9645
yweA,0.8266
rocA,0.7854
rocC,0.829
cydB,0.1754
cydD,0.5258
yxlA,0.9682
yxlC,0.837
yxlE,0.8614
yxlG,0.8162
ywfB,0.7213
ywfD,0.5816
ywfF,0.7783
ywfH,0.873
pta,0.8644
ywfL,1.12
galE,0.7492
yxkD,0.7767
yxkF,0.8872
yxkH,1.08
yxkI,0.9944
cydA,0.357
spsE,0.9186
spsI,0.9521
spsK,0.8587
yweB,0.9477
rocB,0.7883
ywfA,0.8571
cydC,0.8305
yxkO,0.7133
sigY,0.8028
yxlD,0.7832
yxlF,0.8859
yxlH,0.8442
ywfC,0.5868
ywfE,0.6287
ywfG,0.7327
ywfI,0.5364
ywfK,0.9059
ywfM,0.8639
yyaH,0.9825
yyaJ,0.9711
yyaL,0.8941
yyaN,0.9592
tetL,0.9299
yyaP,0.0
yxbD,0.0
yxbF,0.0
yxcA,0.0
yxcC,0.0
yxcE,0.9223
iolR,0.9997
yyaR,0.941
yyaT,1.02
yybB,0.9409
yybD,1.05
yybF,0.9507
yybI,0.938
iolB,0.8469
iolD,0.9312
iolF,0.9451
iolH,1.0
iolJ,1.02
yxdK,0.8658
yyaI,0.9038
yyaK,1.07
yyaM,0.9348
yyaO,1.03
tetB,0.8875
yyaQ,1.02
aldX,0.8669
yxbG,0.9149
htpG,0.9265
yxcD,0.9514
iolS,1.07
iolA,0.9241
yyaS,0.9118
yybA,0.8166
yybC,0.8107
yybE,0.5969
yybG,0.9609
yybJ,1.01
iolC,0.7452
iolE,0.7551
iolG,0.8299
iolI,0.778
yxdJ,0.9065
yxdL,0.8436
yeeF,1.02
purQ,0.5614
ydgJ,0.9623
pbpC,0.8878
srfAC,0.9415
ycgI,0.9345
yknT,1.04
ptsI,1.03
ykvU,0.9724
ykzE,0.9335
yjdH,0.9584
yhdN,1.0
yczC,1.22
lmrA,1.38
ybgB,0.9584
ybdD,0.8957
fus,0.7994
yfiX,1.08
yfkF,1.01
treA,0.8744
yflP,1.01
yesY,0.9559
yddN,1.26
yerP,1.3
ydjD,0.8244
yddE,1.1
yclG,0.8444
nasB,0.842
ycdB,0.9735
patA,1.02
ykvW,1.23
ykrP,0.9499
ykoY,0.9658
yhaP,1.22
yhbB,1.0
yccC,0.9536
ybgE,0.4815
ybgA,0.9058
rpmD,0.969
rpoB,1.17
clpC,1.08
yfiB,0.9634
yfkI,1.22
yflH,0.8205
yetM,0.8145
cotJC,1.09
yddK,0.9466
yabD,0.9731
yurG,0.9233
ytqD,0.9956
acuB,1.25
dnaE,1.11
levR,1.09
yqzC,1.06
yaaO,0.9751
ypbG,1.2
ypvA,1.71
cgeB,0.8716
yloB,1.06
glcT,1.68
yjcD,1.02
metS,1.08
ythC,0.9944
ytpB,1.4
ytoI,1.02
yrhJ,1.06
yqxH,1.08
bmrU,1.1
yaaN,0.6515
qcrB,0.836
yosO,1.01
ylqF,1.4
spoVD,1.14
yjgC,1.08
yjaX,1.3
rplO,0.7364
rplR,0.5947
rpsH,0.7824
rplE,0.704
rplN,0.6292
rpmC,0.5937
xpaC,0.7982
bofA,0.8631
recR,0.978
dnaX,0.0
yaaI,0.7661
rpsC,0.8136
rpsS,0.9281
rplW,0.8907
rplC,0.8492
ybaC,0.6134
rpsG,0.7862
serS,0.6927
yaaD,0.557
guaB,0.7673
gyrB,1.15
recF,1.4
rpsE,0.7549
rplF,0.8182
rpsN,0.8292
rplX,1.03
rpsQ,0.7554
rplP,0.8264
csfB,0.7523
yaaL,1.16
yaaK,1.1
yaaJ,1.0
yaaH,0.8017
rplV,0.9566
rplB,0.5599
rplD,0.7722
rpsJ,0.8995
tufA,0.5388
rpsL,0.7377
yaaE,0.6111
dacA,0.7278
yaaC,0.6573
yaaB,1.05
yaaA,1.26
yclA,0.864
yckJ,1.06
yczE,1.0
ycxD,0.929
ycxB,0.7804
srfAD,0.7694
ycbD,0.9049
ycbA,0.9737
ybgH,0.9182
ybgF,0.8469
ybfP,0.8351
ybfN,0.805
yckH,0.9852
yckF,0.867
nucA,0.9543
yckE,1.01
yckC,1.36
yckA,1.05
ybfM,1.06
ybfK,1.19
purT,0.9356
ybfH,0.8898
ybfF,0.9658
ybfB,0.7514
yckK,1.14
yckI,1.02
sfp,0.8994
ycxC,0.983
ycxA,1.02
comS,1.07
ycbB,0.9238
ybgJ,0.8126
ybgG,0.6819
ybfT,0.7542
ybfO,0.8519
psd,1.21
yckG,0.9662
tlpC,0.858
nin,1.1
yckD,0.9085
yckB,1.07
yciC,0.9937
pssA,1.05
ybfJ,0.8601
ybfI,0.8796
ybfG,0.8825
ybfE,0.8118
ybfA,0.7235
ydhD,0.9556
ydgK,1.2
ydgH,0.0
dinB,0.9192
expZ,0.9476
ydgD,1.48
rsbS,0.9211
ydcE,1.24
dal,1.08
ydcB,1.11
ydbS,0.97
murF,1.06
ydgB,0.8214
ydfT,0.9241
ydfR,1.09
ydfQ,1.01
ydfO,0.9757
ydfM,1.34
ydbP,1.19
ydbM,0.8039
ydbK,1.23
ydbI,1.25
ydbF,1.3
ydbD,1.33
ydhC,1.17
ydgI,1.15
ydgG,1.09
ydgF,0.9067
ydgE,1.24
ydgC,1.49
rsbR,1.06
ydcD,1.18
ydcC,1.24
ydbT,1.29
ydbR,1.21
ddlA,0.9938
ydgA,1.02
ydfS,0.8888
ydzH,0.9104
ydfP,0.9208
ydfN,0.8543
ydfL,1.09
ydbN,0.7429
ydbL,0.9095
ydbJ,1.12
ydbG,0.9972
ydbE,1.16
ydbC,0.8857
yfkM,1.51
treR,1.44
yfkQ,0.8988
yfkS,0.7169
yflA,1.15
yflC,0.897
yefB,1.33
yerQ,1.58
yerN,0.8665
yerL,0.9991
sapB,0.9923
yerH,0.9304
yflE,1.21
yflG,0.8311
yflJ,0.9012
yflL,0.8927
yflN,0.0
citT,0.915
yerF,1.07
yerD,0.8138
yerA,0.6853
yezC,0.6159
purH,0.4756
purM,0.4462
yfkO,1.09
treP,0.8997
yfkR,0.9593
yfkT,0.9707
yflB,0.8373
yflD,1.3
yefA,1.57
yerO,1.13
yerM,1.03
opuE,1.13
yerI,0.9528
yflF,0.825
yflI,0.9648
yflK,0.9472
yflM,0.916
citM,0.8776
citSc,1.1
yerE,0.9311
yerB,1.12
yecA,0.5801
purD,0.4595
purN,0.4358
purF,0.4355
yhaL,1.07
yhaN,0.9982
yhaS,0.9941
yhaU,1.05
yhaW,1.12
yhaY,1.23
ygaO,1.24
ygaN,0.9124
ygbA,0.7995
katA,0.8352
ygaK,0.7862
ygaJ,0.9065
yheA,0.9741
yheD,0.8908
sspB,1.11
yheG,1.14
yheK,0.9497
yheN,1.11
ygaI,0.6213
ygaH,1.19
ygaF,0.8877
ygaE,1.44
ygaC,1.44
sspE,1.11
yhaM,1.08
yhaO,1.19
yhaT,1.09
yhaV,1.19
yhaX,1.06
yhaZ,1.0
yhzA,1.34
ygcA,0.9805
ygaL,0.8069
senS,0.8883
thiA,0.8268
ygzA,1.12
yheB,0.9827
yheE,1.01
yheF,0.8825
yheI,0.9042
yheM,0.5828
yhdZ,0.9844
ygxA,1.02
ygaG,1.11
gsaB,0.8279
ygaD,1.41
ygaB,0.8912
yfhR,1.11
yjdA,1.04
yjcR,1.14
yjcP,0.916
yjcN,0.8547
yjcL,0.9233
yjcJ,0.6365
yitI,0.8805
yitG,0.8838
yitE,0.7463
yitC,0.7735
yitA,0.7193
yisX,0.9516
yjcH,1.1
yjcF,1.11
yjcC,0.9512
yjcA,0.9356
cotW,0.9124
cotY,0.9198
yisV,0.8451
yisT,0.862
degA,0.9933
yisQ,1.15
yisO,0.8982
yjcS,1.18
yjcQ,0.8543
yjcO,0.0
yjcM,1.07
yjcK,0.6898
yjcI,0.6628
yitH,0.8788
yitF,0.9233
yitD,0.8181
yitB,0.8945
yisY,0.9153
yisW,0.9096
yjcG,1.04
yjcE,1.06
yjcB,0.7588
cotV,0.8827
cotX,0.91
cotZ,0.7659
yisU,0.9104
yisS,0.9005
yisR,1.14
yisP,0.9242
yisN,0.8539
yisL,0.9803
ykuG,0.9057
ykuE,1.15
ykuC,1.47
kinA,1.06
ykwD,0.7611
ykwB,0.7847
ykfC,0.7653
ykfA,0.743
dppD,0.5026
dppB,0.8226
ykeA,0.8329
ykcC,0.9296
splA,1.06
ykvZ,1.33
ykvV,1.07
ykvS,1.3
ykvQ,0.908
ykvO,1.06
ykcA,1.19
ykaA,1.66
spoIISA,1.52
xhlB,1.25
xkdY,1.08
xkdW,0.9246
ykuF,0.9732
ykuD,1.3
ykyB,1.94
ykwC,0.7594
splB,1.05
ykfB,0.7727
dppE,0.6578
dppC,0.0
dppA,0.5285
htrA,0.8314
ykcB,0.9336
ptsG,1.2
ykvY,1.1
ykvT,1.2
ykvR,0.9851
ykvP,0.8727
ykvN,0.959
ykbA,0.9999
ykaB,1.42
xlyA,0.9895
xhlA,0.8743
xkdX,0.9709
xkdV,0.7931
smf,1.19
sucC,0.925
ylqG,1.31
rplS,0.7752
ylqE,0.9277
ylqC,0.6411
rpmF,0.9397
ylbM,1.01
ylbK,1.63
ylbI,1.25
ylbG,1.46
ylbE,1.13
ylxM,0.9686
ftsY,1.21
rncS,1.24
fabG,1.24
plsX,1.3
ylpB,1.21
ylbC,1.46
ylbA,0.936
ctaF,0.7605
ctaD,0.8334
ctaB,0.6866
ylaO,1.16
sucD,1.03
ylqH,1.3
rnh,1.16
trmD,0.9772
ylqD,1.27
rpsP,0.6858
ylbN,1.67
ylbL,1.48
ylbJ,1.29
ylbH,1.59
ylbF,1.6
ylbD,1.11
ylqB,0.8593
acpA,1.06
fabD,1.22
ylpC,1.12
ylpA,0.9048
ylbB,1.08
ctaG,0.7714
ctaE,0.7085
ctaC,0.6193
ctaA,0.7379
ylaN,0.8334
yngD,0.8654
yngA,0.8872
ynfF,0.9047
bglC,0.94
ynfC,0.859
grlB,1.1
pksI,0.9335
pksG,0.8028
pksE,1.04
pksC,1.11
pksA,1.18
mutL,1.17
yneS,1.02
yneQ,1.34
tlp,1.03
citB,0.0
cotL,1.05
yneK,1.25
cotE,1.09
ymcB,1.46
tdh,1.0
ymdB,1.24
pbpX,1.51
cinA,1.31
yngC,0.9893
xynD,1.02
ynfE,1.07
alsT,0.9674
grlA,1.06
yneT,1.59
pksH,0.9904
pksF,0.8672
pksD,1.0
pksB,1.04
ymcC,1.01
mutS,1.07
yneR,1.16
yneP,1.33
yneN,1.12
cotK,1.16
cotM,0.9639
yneJ,0.9765
ymcA,1.01
kbl,0.9189
spoVS,0.8486
ymdA,0.9274
recA,0.8125
pgsA,1.11
yorR,0.9553
yorT,0.8726
yorV,0.9796
yorX,0.949
yorZ,0.9383
yosB,0.8437
yocJ,0.8341
yocH,0.9456
yocF,0.9688
yocD,1.14
yocB,1.89
yocA,1.57
yosD,0.7249
yosF,0.9747
yosH,0.7292
yosJ,0.8797
yosL,0.9682
yosP,0.9724
yobW,1.23
yobU,0.9966
yobS,1.12
yobQ,1.44
yobO,1.08
yobM,0.9031
yorS,0.8777
mtbP,0.8992
yorW,0.7826
yorY,1.04
yosA,0.7277
yosC,0.7923
yocI,1.09
yocG,0.8826
yocE,0.758
yocC,0.9324
yozB,0.4758
yozA,1.09
yosE,0.6586
yosG,0.6686
yosI,0.8019
yosK,0.7667
yosM,0.9671
yosQ,0.8862
yobV,1.08
yobT,0.9229
yobR,1.15
csaA,0.9108
yobN,0.9459
yobL,0.9118
yppD,1.0
yppF,1.67
ypqE,1.24
yprB,1.2
ypsA,1.6
ypsC,1.51
yomP,0.7119
yomR,0.8734
yomT,0.8118
yomV,0.8844
yomX,0.8291
yomZ,0.8975
kduD,1.13
kdgR,1.14
kdgA,1.08
ypwA,1.01
pbuX,0.8822
ypbQ,1.03
yonB,0.924
yonD,0.0
yonF,0.8855
yonH,0.9484
yonK,0.8202
yonO,1.07
yppE,1.29
yppG,1.14
cotD,2.23
ypsB,1.22
yptA,1.66
yomQ,0.9542
yomS,0.7987
yomU,0.8359
yomW,0.9505
yomY,0.8996
yonA,0.9052
kduI,0.9927
kdgK,1.01
kdgT,1.07
xpt,0.7347
bcsA,0.8079
ypbS,1.03
yonC,0.7996
yonE,0.8403
yonG,0.817
yonI,0.9894
yonN,0.6846
yonP,0.8853
yqiD,1.16
yqxC,1.44
recN,1.44
spo0A,0.7569
yqiH,1.11
yqiK,1.22
ribG,1.08
ribA,0.8772
ribT,1.22
ypuG,1.64
ypuI,1.41
spmA,1.09
mmgB,1.07
mmgD,1.03
yqiQ,1.28
yqiR,1.41
yqiT,1.13
yqiV,1.28
ypuL,1.04
resB,0.9479
resD,0.6101
sigX,1.81
aroC,1.01
ypzE,1.09
yqiE,1.59
ahrC,1.55
spoIVB,1.19
yqiG,1.27
yqiI,1.16
ribB,1.2
ribH,0.989
ypuF,1.26
ypuH,1.69
dacB,1.08
spmB,0.8412
mmgC,0.9833
mmgE,1.05
yqzF,1.52
yqiS,1.26
yqiU,1.28
bfmBAA,1.02
resA,1.05
resC,0.75
resE,0.7508
ypuN,1.1
serA,0.6587
ypaA,0.8318
yqaG,0.8272
yqaI,0.9273
yqaK,0.8827
yqaM,0.8924
yqaO,0.8081
yqaQ,0.8484
dgkA,1.02
bex,0.9686
glyQ,0.8706
yqzB,1.24
yqxD,1.6
sigA,1.22
yqaS,0.9624
yqbA,0.9543
yqbC,0.9685
yqbE,0.8351
yqbG,0.8824
yqbI,0.898
yqfN,0.9721
yqfP,1.21
yqfR,1.07
yqfT,1.25
yqfV,1.36
yqfX,1.09
yqaH,0.8278
yqaJ,0.8885
yqaL,0.7468
yqaN,0.757
yqaP,0.8806
yqaR,1.03
cdd,1.09
yqxN,1.11
glyS,1.04
yqfL,1.14
dnaG,1.54
cccA,0.8684
yqaT,0.8443
yqbB,0.9013
yqbD,0.8461
yqbF,1.02
yqbH,0.7915
yqbJ,0.8452
yqfO,1.0
yqfQ,0.92
yqfS,1.08
yqfU,1.08
yqfW,0.9553
yqfZ,0.8477
ysnD,0.5971
ilvN,0.3948
leuA,0.4028
leuC,0.4805
ysoA,0.9066
clpX,1.28
yrrM,1.79
yrrO,1.49
greA,1.1
yrrS,0.9842
yrrT,0.9364
yrhA,0.7703
ysxD,0.9635
hemX,0.7738
hemD,0.6471
hemL,0.8134
ysxE,0.8934
yrhD,0.8783
yrhG,1.24
yrhH,0.8973
yrhK,1.1
yrhM,0.9941
yrhO,1.04
ilvB,0.4679
ilvC,0.5509
leuB,0.5027
leuD,0.5532
tig,1.21
lonB,0.9614
yrrN,1.78
udk,1.6
yrrR,1.15
yrzA,1.05
yrrU,0.9898
yrhB,0.8092
ysxC,0.9554
hemA,0.6806
hemC,0.6175
hemB,0.6632
spoVID,0.8379
yrhF,1.3
yrzI,1.09
yrhI,1.02
yrhL,0.876
sigV,0.8396
levD,0.7165
ytsC,0.9208
yttA,0.943
ytvA,0.9662
leuS,0.886
melA,0.948
amyD,0.8347
ytmJ,0.9134
ytmL,0.7338
hisP,0.8629
ytnJ,0.825
hipO,0.8155
ytqI,0.8444
msmR,0.8234
bioW,1.01
bioF,0.8171
bioB,1.02
ytbQ,0.7575
ytcQ,0.9594
ytsJ,1.18
pfk,1.58
ytwI,1.04
citC,0.994
phoP,0.8655
yttB,1.19
ytvB,1.19
ytwF,0.9805
amyC,0.9026
msmE,1.06
ytmK,0.7879
ytmM,0.9783
ytnI,0.8585
ribR,0.8262
ytpI,0.9978
ytrI,0.7713
ytaP,0.851
bioA,0.7931
bioD,0.8063
bioI,0.8054
ytcP,0.822
ytdP,1.05
yttI,1.3
ytvI,1.07
citZ,1.02
citH,0.7925
phoR,0.8565
mutM,0.8397
yunI,1.09
yunG,1.01
yunE,1.01
yunC,0.9374
yunA,0.801
yutC,0.8164
yugH,0.7998
yuzA,0.9833
yugK,1.01
yugM,0.8503
yugO,0.9394
yugS,0.9385
yutE,0.9626
yutG,0.7009
hom,0.467
thrB,0.4914
yutI,0.9786
yutJ,1.13
yugU,0.9348
mcpB,1.1
mcpA,0.9908
yuxG,0.9001
yulC,0.8825
yulE,0.9668
yunH,0.9072
yunF,1.08
yunD,0.974
yunB,1.15
yutB,0.8508
yutD,0.9751
yugI,1.5
yugJ,1.56
pgi,1.03
yugN,0.9065
yugP,1.07
yugT,0.9139
yutF,0.8015
yutH,0.6749
thrC,0.4595
yuxL,0.7263
yuzD,0.9184
yuzB,1.01
tgl,0.8683
tlpA,0.8885
tlpB,0.9143
yulB,0.9508
yulD,0.7839
yulF,0.8248
yvdO,1.29
yvdQ,0.8259
yveA,0.8931
racX,0.8543
yveG,0.9262
slr,0.8023
yvgO,0.9056
yvgM,0.8676
yvgK,0.8863
yvsG,1.07
fhuD,0.6181
fhuG,0.9799
yveN,0.8052
yveP,0.8584
yveR,0.7393
yveT,0.7537
yvfB,0.708
yvfF,0.9194
yvrP,1.02
yvrN,0.9355
yvrL,1.05
yvrI,0.9296
yvrG,1.02
yvrD,1.21
yvdP,1.01
yvdT,1.34
pbpE,0.9721
yveF,0.9028
padC,0.943
yveL,0.9441
yvgN,1.63
yvgL,0.8983
yvgJ,1.29
yvsH,1.08
fhuB,0.8929
fhuC,0.6642
yveO,0.8108
yveQ,0.7899
yveS,0.8189
yvfA,0.717
yvfD,0.6313
yvfG,1.04
yvrO,0.8003
yvrM,0.8095
yvrK,0.8002
yvrH,1.03
yvrE,0.9451
yvrC,0.9299
mta,0.0
ywnF,1.47
spoIIQ,0.9014
ywoA,1.17
nrgA,1.07
ywoC,0.9387
tuaF,0.9116
tuaH,1.08
yvhJ,1.25
degS,0.8944
comFA,0.9191
comFC,1.24
ywoE,0.8905
ywoG,0.8152
usd,1.07
mbl,1.17
flhP,0.8889
ywpB,1.13
flgM,1.35
flgK,1.23
yviE,1.1
csrA,0.909
yvyC,1.11
fliS,1.13
ywnE,1.08
ywnH,1.15
ywnJ,0.9266
nrgB,1.41
ywoB,0.9551
ywoD,1.1
tuaG,1.05
tagO,1.34
yvyE,1.37
yviA,1.09
comFB,1.06
yvyF,1.17
ywoF,0.7876
ywoH,1.05
spoIIID,0.8992
flhO,0.7545
rapD,1.01
ywpC,0.8439
yvyG,1.12
flgL,1.04
yviF,0.8321
hag,0.844
fliD,0.8598
fliT,0.9092
katX,0.0
yxzF,0.0
licB,0.8928
licA,0.7749
ywaA,0.5233
dltD,1.14
ywfN,0.8695
ywfO,1.24
ywgB,0.8602
thrZ,0.4763
ywhB,0.834
ywhD,0.848
dltB,1.18
ywaB,1.09
ywaD,0.8102
ywaE,0.8604
gspA,1.12
sacX,1.04
ywhF,1.76
ywhH,1.11
rapF,1.55
ywhL,0.8372
ywhN,0.9086
ywhP,1.18
yxlJ,1.03
licR,0.8444
licC,0.7318
licH,0.984
dltE,1.27
dltC,1.26
ywzC,1.62
ywgA,1.1
mmr,0.8606
ywhA,0.6163
ywhC,0.8734
ywhE,0.9279
dltA,1.21
ywaC,0.9815
tyrZ,0.783
ywaF,0.827
sacY,0.9949
epr,0.8123
ywhG,1.38
phrF,1.26
ywhK,0.7716
ywhM,0.8628
ywhO,0.9358
ywhQ,1.13
yybK,2.62
yybM,2.07
yybO,0.8938
yybQ,0.7452
cotF,0.9559
yybT,1.07
yxdM,0.8537
yxeB,0.757
yxeD,1.01
yxeG,1.41
yxeI,0.8432
yxeK,0.8344
yycA,1.1
yycC,0.979
yycD,1.35
yycE,0.9274
yycF,1.16
yycH,1.41
yxeM,0.5752
yxeO,0.5924
yxeQ,1.0
yxxB,0.9808
nupC,0.7772
hutM,0.8065
yybL,1.28
yybN,0.979
yybP,0.8234
yybR,0.9895
yybS,1.03
rplI,0.9542
yxeA,0.8932
yxeC,1.12
yxeE,1.22
yxeH,1.06
yxeJ,0.7182
yxeL,0.4153
yycB,0.8712
yyzB,0.8918
dnaC,1.17
purA,0.676
yycG,1.12
yycI,1.28
yxeN,0.4873
yxeP,0.5827
yxeR,0.9266
deoR,0.802
pdp,0.6696
hutG,0.7678
lysS,1.32
mfd,1.13
gyrA,1.09
lytA,1.23
yvlD,0.9473
yukF,1.13
rsbV,1.2
ydbO,0.0
ycsG,0.0
phrC,0.7777
lmrB,1.19
pcp,0.9408
ytfJ,1.01
ytzA,1.11
yraA,1.15
yqfY,1.11
yonJ,1.09
yodB,1.06
ycbM,0.9912
ybfS,0.9537
ybfQ,0.0
ybeC,0.8814
ybdG,0.9788
ybbA,0.811
ftsH,1.37
yabK,1.15
ywjF,0.9067
ywlC,1.04
yveK,0.9518
glgP,0.8024
ydcA,0.7649
ycnB,0.9397
yceH,0.7082
ycbU,0.7857
ycbR,0.86
accA,1.14
yrhP,0.9017
yqbO,0.7367
ypqA,1.12
yosW,0.7338
ppsD,1.01
ycbC,0.0
gltP,0.7914
mpr,0.9473
ybdN,0.9016
ybdB,0.8676
yabE,1.56
yaaG,0.9058
yisD,0.9986
yhjP,0.9828
yhfR,0.9076
yheH,0.8042
yfhQ,1.21
ydcI,1.05
dnaN,1.17
srfAB,1.21
opuAA,1.34
ybdO,1.03
yabN,1.26
asnH,0.7591
ywbN,0.8102
yaaF,0.9402
addB,0.9768
yhjB,0.9278
yheC,0.9522
yheL,1.3
yesN,0.8392
yclF,0.6154
dnaA,1.58
amhX,0.683
ycbT,0.8105
feuC,0.6955
gidA,1.13
yxnB,0.5683
spsF,0.7241
