ybeF	0.7747
glpQ	0.7677
ybdT	0.9022
ybxH	0.8586
ybdM	1.14
ybdK	1.42
ybxF	0.5946
rplJ	0.5882
rplK	0.715
rpmG	1.09
yacP	0.4443
rplL	0.7207
ybdE	1.01
ybcT	0.6943
ybcQ	0.0
ybcO	0.6387
ybcL	0.0
ybcH	2.73
cysE	0.554
yacN	0.8197
yacL	0.9374
sms	0.9538
yacH	0.9456
glpT	0.9115
ybyB	1.59
ybxI	0.0
csgA	0.0
ybdL	0.9565
ybdJ	1.14
ybxB	0.7171
rplA	1.0
nusG	0.8636
sigH	1.12
yacO	0.5188
ybdA	0.8544
ybcS	0.0
ybcP	0.0
ybcM	1.19
ybcI	3.66
ybcF	3.64
gltX	1.39
yacM	0.9771
yacK	0.8442
yacI	0.9504
ctsR	0.7406
ydbB	0.8831
ydbA	0.9265
ydaS	0.9537
ydaQ	0.7994
mutT	1.0
ydaN	0.741
yciB	0.9513
nasA	0.8574
nasD	0.8062
nasF	0.8911
ycgS	0.0
ycgQ	1.03
ydaL	0.0
ydaJ	0.0
lrpC	1.01
ydaH	0.0
ydaF	1.83
ydaD	0.0
ycgO	0.8212
ycgM	1.32
cah	1.27
ycgJ	0.0
tmrB	0.0
ycgH	0.0
gsiB	6.26
ydaT	0.8887
ydaR	2.13
ydaP	2.35
ydaO	13.65
ydaM	0.8641
yciA	1.3
nasC	1.27
nasE	0.8964
ycgT	1.04
ycgR	1.1
ycgP	1.34
ydaK	0.0
ydzA	0.9644
ydaG	2.51
ydaE	0.0
ydaC	1.31
ycgN	1.3
ycgL	1.09
ycgK	1.08
aroI	1.08
nadE	1.16
ycgG	0.665
purL	0.392
purC	0.3825
purK	0.4504
yebG	0.7277
yebE	0.0
yebC	0.9856
ydfK	0.7957
ydfJ	0.8404
ydfH	0.9079
ydfF	1.16
ydfD	0.0
ydfB	0.0
guaA	1.16
yeaD	1.07
yeaB	0.8698
yeaA	0.2154
ydjO	1.06
ydjM	2.62
ydeT	0.0
ydeR	0.0
ydeP	0.0
ydzF	0.9886
ydeM	1.09
ydeK	1.03
yexA	0.5102
purB	0.4221
purE	0.4547
yebF	1.06
yebD	0.0
yebB	0.7684
nap	1.26
ydfI	1.05
ydfG	1.45
ydfE	0.0
ydfC	0.0
ydfA	1.08
yebA	0.0
yeaC	1.16
gabP	1.45
ydjP	0.3937
ydjN	1.88
ydjL	1.75
ydeS	0.9356
ydeQ	1.1
ydeO	1.0
ydeN	1.49
ydeL	1.26
ydeJ	1.14
yfhS	0.8691
yfhO	1.08
yfhM	0.7671
yfhK	0.0
yfhI	0.6725
yfhG	0.8845
yflS	2.13
yflT	1.04
yfmC	1.32
yfmE	0.9937
yfmG	0.6481
yfmI	1.18
yfhE	0.0
yfhC	0.8428
yfhA	0.6327
yfiY	0.4464
yfiV	1.14
yfiT	0.7443
yfmK	2.37
yfmM	0.0
yfmO	1.47
yfmQ	1.06
yfmS	1.1
yfnA	0.0
yfhP	1.48
csbB	2.19
yfhL	0.6863
yfhJ	1.06
yfhH	1.27
yfhF	1.25
pel	6.7
yfmA	0.0
yfmD	1.23
yfmF	1.27
yfmH	1.23
yfmJ	1.37
yfhD	1.19
yfhB	1.34
yfiZ	0.9367
yfiW	1.55
yfiU	1.12
yfiS	1.35
yfmL	6.14
yfmN	0.0
yfmP	1.35
yfmR	1.25
yfmT	0.0
yfnD	1.21
yisK	1.05
yisI	0.8515
yisG	0.844
yisE	0.7669
yisB	0.798
addA	0.0
yhdY	0.8182
yhdW	0.9172
yhdU	0.924
yhdS	1.14
yhdQ	1.47
yhdO	0.7636
yhjQ	0.0
yhjM	1.67
yhjK	1.24
yhjI	0.0
yhjG	0.8985
yhjE	0.9858
yhdL	1.21
yhdJ	0.0
yhdH	1.1
yhdF	1.09
citR	1.04
phoA	1.09
yisJ	0.0
yisH	1.52
yisF	0.8067
yisC	0.0
sbcD	1.16
yhjR	0.0
yhdX	2.04
yhdV	1.13
yhdT	2.5
yhdR	1.54
yhdP	1.95
yhdM	1.28
yhjO	0.9709
yhjL	3.66
yhjJ	1.77
yhjH	0.0
sipV	0.959
yhjD	1.05
yhdK	1.43
yhdI	0.995
yhdG	0.0
citA	1.02
lytE	1.24
spoVR	0.908
xkdU	0.0
xkdS	0.0
xkdQ	0.8025
xkdN	0.0
xkdK	0.7968
xkdI	1.1
yjbX	0.6717
yjbV	1.1
yjbT	1.19
yjbR	1.45
tenA	1.34
yjbP	0.0
xkdG	0.0
xkdE	0.7133
xpf	0.0
xkdD	0.0
xkdB	0.0
xkdA	0.0
yjbN	1.3
yjbL	1.36
yjbJ	0.5799
yjbH	1.6
yjbF	1.59
yjbE	0.0
xkdT	0.0
xkdR	0.0
xkdP	0.0
xkdM	0.0
xkdJ	0.0
xkdH	0.0
yjbW	0.8539
yjbU	1.54
yjbS	1.31
tenI	1.64
yjbQ	1.22
yjbO	1.6
xkdF	1.03
xtmA	0.0
xtrA	0.0
xkdC	0.0
xre	0.9966
yjqC	1.13
yjbM	1.42
yjbK	0.8217
yjbI	1.24
yjbG	2.13
mecA	1.91
yjbD	1.14
ylaM	1.03
ylaK	0.8315
ylaH	0.7093
ylaF	0.8469
ylaD	0.0
ylaB	0.0
ykvM	0.6048
ykvK	0.8331
ykvI	0.7394
motA	0.5056
ykvE	1.5
eag	0.8257
nprE	1.58
ykzC	1.31
ykzI	0.0
yktA	0.7938
slp	0.0
pdhC	1.37
ykvA	0.7524
ykrY	0.7641
ykrW	0.9842
ykrU	1.38
ykrS	1.43
ykrQ	1.16
ylaL	1.3
ylaJ	1.09
ylaG	1.13
ylaE	1.09
ylaC	1.07
ylaA	0.0
ykvL	0.9721
ykvJ	0.8565
clpE	0.848
motB	0.5569
ykvD	0.0
spo0E	1.2
yktD	1.01
yktC	1.4
yktB	1.37
cad	0.975
pdhD	1.52
pdhB	1.57
ykrZ	0.6191
ykrX	0.9092
ykrV	1.36
ykrT	1.62
dat	1.15
ykrM	1.05
ymfM	1.15
ymfK	1.17
ymfI	0.6268
ymfF	0.8419
ymfD	0.8245
spoIIIE	0.8526
yloW	1.05
yloU	0.9457
spoVM	0.0
yloR	0.8892
ymfA	0.8731
dapG	1.09
spoVFB	0.9063
ymxH	0.0
ylxY	0.5285
ribC	1.05
fmt	0.9988
priA	0.0
yloH	1.12
yloC	1.13
ylnF	0.9237
ylnD	1.04
ymfL	1.36
ymfJ	0.0
ymfH	1.1
ymfE	0.0
ymfC	1.27
ymfB	0.8458
yloV	1.35
rpmB	1.14
yloS	0.9183
yloQ	0.9809
yloO	0.0
yloM	1.13
dapA	1.1
asd	1.45
spoVFA	1.07
ymxG	0.8638
rpsO	0.9726
truB	0.6519
def	1.1
yloI	1.18
yloD	1.31
yloA	1.02
ylnE	1.08
ylnC	1.1
yobK	0.6485
yobI	0.0
yozL	0.0
yobH	1.01
rapK	1.73
yobF	1.39
yneI	0.8554
ynzD	0.856
yneE	0.0
ynzC	1.27
yneA	0.0
yndN	0.7509
yozI	0.8441
yobD	0.8565
pps	0.0
yobA	0.0
yoaZ	1.04
yoaV	0.0
yndL	0.9795
yndJ	0.9073
yndG	0.943
yndD	1.13
yndB	1.48
ynzA	1.63
yobJ	0.5171
yozM	1.19
yozK	0.0
phrK	2.1
yozJ	0.0
yobE	1.69
ccdA	1.07
yneF	2.14
tkt	1.86
yneB	1.12
lexA	1.08
yndM	0.0
yozH	1.17
xynA	1.1
yobB	1.28
penP	3.12
yoaW	1.71
yoaU	1.06
yndK	0.7041
yndH	1.14
yndE	0.0
ynzB	0.0
yndA	1.16
cotC	1.03
yonR	0.8536
yonT	0.9168
yonV	0.0
yopA	0.8662
yopC	0.6855
yopE	0.837
yosR	0.0
yosT	1.39
yosV	0.0
yosZ	0.0
yotB	0.0
yotD	0.0
yopG	0.9
yopI	0.7958
yopK	0.5563
yopM	0.0
yopO	0.0
yopQ	1.09
yotF	0.0
yotH	0.0
yotJ	0.0
yotL	0.0
yotN	0.9096
yodV	0.0
yonS	1.29
yonU	0.927
yonX	0.0
yopB	0.0
yopD	0.8716
yopF	0.9708
yosS	1.15
yosU	1.22
yosX	0.0
sspC	0.0
yotC	0.0
yotE	0.0
yopH	0.9617
yopJ	0.7491
yopL	0.694
yopN	0.0
yopP	0.6978
yopR	1.03
yotG	0.0
yotI	0.0
yotK	0.0
yotM	0.0
yodU	0.0
cgeA	0.8829
fer	1.21
recQ	0.9931
ypbE	0.9015
ypbH	1.5
ypdA	1.16
sleB	0.0
ypcP	0.8513
ypdP	0.8692
ypeQ	1.09
degR	0.9826
ypfP	1.54
bsaA	1.5
ypfA	0.9128
cmk	1.19
ypgA	1.61
yphB	0.8508
gpsA	0.9922
yphF	1.15
ypgR	1.35
yphP	1.04
ypjP	0.9358
thyB	0.9109
ypkP	0.8683
yplP	0.3599
ypbB	1.14
ypbD	1.11
ypbF	1.02
ypcA	1.69
ypdC	0.9735
ypeB	0.0
ypdQ	0.9236
ypeP	1.35
ypzA	0.932
cspD	1.6
metB	1.63
ypgQ	1.72
ypfB	1.27
ypfD	2.53
yphA	0.0
yphC	1.06
yphE	1.03
spoIVA	1.06
ilvD	1.65
ypiP	0.9341
ypjQ	1.17
dfrA	0.9054
yplQ	0.338
ilvA	1.01
yqgA	1.06
yqgC	0.8604
yqgE	0.7171
yqgG	0.8178
yqgI	0.9364
yqgK	1.08
bfmBAB	0.9774
bmrR	0.9083
yqiW	0.9941
yqiY	0.3463
yqjA	0.7467
yqjC	1.03
yqgL	0.9971
yqgN	0.8344
yqgP	1.38
glcK	1.27
yqgU	0.9877
yqgW	1.82
yqjE	1.22
yqjG	0.9173
yqjI	1.93
yqjK	1.22
yqjM	1.12
yqjO	1.17
yqgB	1.08
sodA	1.54
pbpA	0.0
yqgH	0.0
yqgJ	1.25
yqzD	1.43
bfmBB	1.21
bmr	1.41
yqiX	0.3194
yqiZ	0.2904
yqjB	1.15
yqjD	1.43
yqgM	1.22
yqgO	0.7828
yqgQ	1.08
yqgT	1.02
yqgV	0.8947
yqgX	1.1
yqjF	0.0
yqjH	1.05
yqjJ	1.91
yqjL	1.76
yqjN	1.46
yqjP	1.1
levE	0.8508
levG	0.8377
adhA	1.01
yraC	0.907
yraE	0.8282
yraF	0.9576
yqbK	0.8622
yqbM	0.9429
yqbN	0.0
yqbQ	0.9935
yqbS	0.9389
yqcA	0.0
yraH	0.0
yraJ	1.81
yraL	2.35
yraM	1.08
yraO	0.0
sigZ	0.0
yqcD	0.0
yqxG	0.0
yqxI	1.23
yqcF	1.63
yqzI	0.0
rapE	1.1
levF	0.926
sacC	0.7964
yraB	1.17
yraD	0.0
adhB	0.0
yraG	1.14
yqbL	0.0
yqdB	0.0
yqbP	0.0
yqbR	0.0
yqbT	0.9257
yqcB	0.0
yraI	1.82
yraK	1.27
csn	1.44
yraN	0.6892
yrpG	1.3
yrpE	1.68
yqcE	0.0
cwlA	1.33
yqxJ	1.44
yqcG	1.66
phrE	1.33
yqcI	0.9144
ytaF	1.05
ytbE	1.06
ytcD	1.07
ytcF	1.34
dnaB	0.9198
ytxB	0.8699
folC	0.7801
spoIIB	1.12
ysxA	1.22
mreC	1.22
minC	1.07
spoIVFA	0.0
thrS	0.8077
lytS	1.06
ysbA	0.0
yscB	0.5624
infC	0.62
rplT	0.6595
rplU	0.9606
spo0B	0.6512
p`eB	0.7811
pheB	0.7761
yrxA	0.5131
nadB	0.0
nadA	0.0
ytaG	1.23
ytbD	0.8526
gapB	1.09
ytcG	1.75
dnaI	1.2
ytxC	0.9868
comC	1.59
maf	1.51
mreB	1.55
mreD	1.02
minD	1.13
spoIVFB	0.0
ysaA	1.48
lytT	1.2
ysbB	0.0
yscA	0.5272
rpmI	0.6454
ysdA	0.6927
ysxB	1.21
obg	0.943
pheA	0.9551
nifS	0.5143
nadC	0.1135
yrbA	0.1235
yubA	0.8781
yubC	0.0
yubE	1.18
yubG	1.29
yuaB	1.04
gbsA	1.1
yteP	0.0
yteR	1.02
yteT	0.8994
yteV	0.0
ytfP	1.02
ytzG	0.9309
yuaD	1.39
yuaG	0.2745
yuaJ	0.9776
glgD	0.0
ytaB	0.0
ytxN	1.01
ytzE	1.54
ythQ	0.7196
ytjP	1.23
ytlP	1.42
ytlR	0.9914
ytmP	1.16
yubB	1.39
yubD	0.9463
yubF	1.1
yuaA	3.81
yuaC	1.1
gbsB	1.75
yteQ	1.12
yteS	1.01
yteU	1.14
opuD	1.36
ytgP	1.25
ytzF	0.8655
yuaF	0.2143
yuaI	0.2623
glgB	1.13
glgA	1.25
ytaA	0.0
cotS	1.25
ythP	0.7338
ytiP	0.731
ytkP	1.44
ytlQ	1.16
amyX	1.07
ytzH	1.18
yvrB	0.9235
yvqK	0.7726
yvqI	0.8162
yvqG	0.739
yvqE	0.853
gerAC	0.7224
yutL	1.4
paiA	0.0
yumD	0.0
yumC	0.9877
yuiA	0.9086
yuiC	0.5395
gerAA	0.9357
yuxN	0.8218
yvqA	1.16
yvtB	1.06
yusZ	1.29
yusW	0.9386
yuiE	1.38
yuiG	1.87
yuiI	0.6487
dhbC	0.7376
dhbB	0.0
yukL	0.9427
yvrA	1.35
yvqJ	1.03
yvqH	1.18
yvqF	0.866
yvqC	1.13
gerAB	0.9719
yutM	1.43
paiB	1.24
yuzG	0.8816
yumB	1.6
yuiB	0.992
yuiD	1.2
citG	1.34
yvqB	1.48
yvtA	1.01
mrgA	1.39
yusX	1.21
yusV	0.6377
yuiF	0.7945
yuiH	1.14
dhbA	0.0
dhbE	0.7706
yukM	0.9505
yukJ	1.73
yvyD	0.9003
cccB	0.8847
ftsX	1.32
yvzD	0.6568
yvkA	0.8568
yvkC	0.8458
yvfH	0.0
lacR	0.0
yvfM	1.03
yvfO	0.0
yvfS	0.9991
yvfU	0.9963
uvrB	0.0
yvzB	0.7471
yvlA	0.3561
yvlC	0.5459
yvmB	0.9183
cypX	0.9615
yvfW	1.3
yvbX	0.5603
yvbV	1.24
yvbT	0.9249
araE	1.4
gap	1.46
yvjA	1.11
ftsE	1.51
yvjB	1.02
yvjD	1.07
yvkB	1.14
csbA	1.36
yvfI	0.0
yvfL	1.04
lacA	1.05
yvfR	1.15
yvfT	1.1
yvfV	1.35
uvrA	0.0
yvkN	1.0
yvlB	0.4945
yvmA	0.9027
yvmC	1.06
yvnA	1.1
yvbY	1.26
yvbW	0.0
yvbU	0.811
araR	0.0
yvbQ	1.21
pgk	1.33
ywhR	0.484
sbo	1.02
argS	1.07
fnr	0.6874
ywiD	0.8945
narH	0.8199
ywpD	0.9591
ywpF	1.27
ywpH	1.69
ywqB	1.18
ywqD	1.1
ywqF	1.26
narI	0.8829
ywjA	1.08
ywjC	1.55
ywjE	0.0
rpoE	1.97
ywjG	1.14
ywqH	1.65
ywqJ	1.87
ywqL	1.22
ywqN	1.07
ywrA	0.7615
ywrC	0.4262
ywiA	0.8737
ywiB	0.9775
narK	1.25
ywiC	0.8347
narG	0.0
narJ	0.8847
ywpE	0.0
ywpG	1.72
ywpJ	0.0
ywqC	2.41
ywqE	1.23
ywqG	1.16
ywiE	1.46
ywjB	0.6527
ywjD	0.0
acdA	0.9452
ctrA	1.03
spo0F	1.2
ywqI	1.84
ywqK	1.55
ywqM	0.9832
ywqO	0.0
ywrB	0.6484
ywrD	0.7208
hutI	0.8474
hutP	1.37
yxiB	0.7182
yxiD	1.52
yxxE	1.12
bglH	0.9854
ywbA	0.9651
ywbC	1.16
ywbE	1.1
ywbG	1.02
ywbI	0.9207
thiC	1.11
yxxF	1.41
yxiF	0.2283
yxiG	0.4969
yxzG	0.3147
yxiJ	0.2594
yxiL	0.3923
ywbO	0.6084
ywcB	0.8994
ywcD	0.704
ywzA	1.07
qoxB	1.3
qoxD	1.21
hutU	1.14
yxiA	1.88
yxiC	2.11
yxxD	1.32
bglP	1.24
yxiE	2.08
ywbB	1.54
ywbD	0.9891
ywbF	1.74
ywbH	0.6172
thiK	1.27
ywbM	0.5854
yxxG	0.0
yxzC	0.2699
yxiH	0.3187
yxiI	0.2759
yxiK	0.2856
yxiM	0.699
ywcA	1.05
ywcC	1.04
galT	0.0
qoxA	1.18
qoxC	1.2
ywcE	1.07
ytrP	0.722
yprA	0.9659
yloN	0.8769
yerG	0.8803
wprA	0.7008
yycJ	1.11
rocR	1.18
rocE	1.04
phrG	1.31
yycN	0.0
yycP	0.8384
topB	1.03
polA	1.26
mmgA	1.4
ileS	0.9424
dinG	0.9508
carB	0.324
yycR	1.1
yydA	0.7102
yydC	0.7574
fbp	1.08
yydG	0.3035
yydI	0.5302
ytsD	0.941
yrvE	0.9809
yloP	1.02
ykuA	1.04
ydhL	1.1
valS	0.9999
yyxA	1.47
rocD	1.11
rocF	1.09
rapG	1.5
yycO	0.0
yycQ	1.03
smc	0.7298
murD	1.0
lonA	1.79
hrcA	0.9764
cheA	0.774
alaS	1.24
yycS	1.06
yydB	0.8152
yydD	0.7788
yydF	0.4646
yydH	0.3516
yydJ	0.4696
yveM	0.8872
yutK	1.24
yueB	0.7806
yufK	0.9219
ytpQ	0.9679
ytmO	0.8969
yndF	0.8805
pksL	0.9408
mcpC	0.6663
yisZ	1.05
ydbH	1.25
ybxG	1.04
ysdB	0.8591
yrhE	1.38
yqcC	0.9236
ponA	1.34
yomI	0.8695
cgeC	0.0
wapA	0.42
ppsA	0.9428
pksM	0.8686
yetO	0.7305
rpoC	0.9775
dra	0.9662
yvfQ	1.11
yukA	1.39
yuxO	0.0
glgC	0.0
yttP	1.25
pykA	1.15
pksP	1.04
pksK	1.46
oppD	1.15
srfAA	1.86
yccK	1.37
secE	1.16
rpmA	1.14
yrpC	1.56
yqgS	1.38
ypbR	1.15
yorL	1.22
odhA	1.35
dhbF	1.55
pksR	1.04
yfkN	1.38
gutR	0.9997
yxeF	0.0
galK	0.0
rbcL	1.11
aceF	0.0
kdtA	0.0
tufA_E	1.05
yazC	0.4778
yrhC	0.8827
yerC	0.8831
yshA	1.02
yoqX	0.9201
yacF	1.28
yhcD	0.0
yetG	0.7609
ywnG	0.0
ywqA	0.7679
degU	1.76
yvnB	0.0
cysS	0.5257
yqjU	1.21
ylaI	1.14
yuaE	1.22
yqaD	0.0
yozD	0.0
yazB	1.25
yfnB	1.19
ywmD	1.58
glcR	1.16
ggaB	0.728
prfB	1.09
yvoD	1.3
ybcD	1.1
ndhF	1.32
adaA	0.0
ybbU	1.11
ybbT	1.33
ybbP	1.37
folK	0.9495
sul	1.03
pabA	1.06
cysK	2.53
yacC	1.29
sigW	0.628
ybbJ	0.0
ybbH	1.5
ybbE	0.9646
ybbC	0.7671
feuA	0.6674
yabT	0.0
yabR	1.29
yabQ	0.8536
yabO	0.9125
spoVT	0.7952
ybcC	1.59
adaB	0.0
alkA	1.14
glmS	1.36
ybbR	1.95
ybbM	0.9419
folA	1.19
pabC	1.23
pabB	1.16
yacD	1.08
yacB	1.92
ybbK	0.0
ybbI	0.0
ybbF	1.44
ybbD	1.15
ybbB	0.9373
feuB	0.9022
yabS	0.8834
divIC	0.9999
yabP	0.9607
yabM	1.25
spoVC	0.8649
ydaB	0.6962
ycsN	1.13
yczI	1.25
ycsO	0.2792
ycsI	0.3926
ycsE	1.14
ycgF	0.7514
mdr	0.6894
lctE	1.02
ycgB	1.07
opuAC	1.04
yceK	0.0
yczH	1.05
ycsA	0.8691
mtlA	1.18
ycnK	0.5411
ycnI	0.76
ycxE	0.0
yceI	0.296
yceF	0.8486
yceD	0.7409
yceB	0.0
ycdI	0.9262
ycdG	0.9888
ydaA	0.9862
yczJ	1.74
ycsK	0.0
ycsJ	0.8056
ycsF	0.4766
ycsD	1.53
ycgE	0.0
lctP	0.8878
amyE	1.4
ycgA	2.13
opuAB	1.11
yceJ	0.0
sipU	1.3
mtlD	1.57
ycnL	1.01
ycnJ	0.728
gdh	0.9282
ycnH	1.55
yceG	0.9515
yceE	0.8483
yceC	0.721
yceA	0.9114
ycdH	1.96
ycdF	0.0
ydjJ	0.0
ydjH	0.2349
ydjF	0.1491
gutB	0.9541
ydjB	0.0
ydiR	0.6025
ydeI	1.39
ydeG	0.7924
ydeE	1.58
ydeC	1.44
ydeB	0.6486
ydeA	0.0
ydiP	0.9701
ydiN	1.13
groEL	2.05
ydiL	0.9594
ydiJ	1.38
ydiH	1.15
yddS	1.12
yddQ	0.8026
lrpA	0.0
phrI	0.8736
yddJ	3.84
yddH	0.0
ydjI	0.2605
ydjG	0.1928
ydjE	1.67
ydjC	0.0
ydiS	0.7748
ydiQ	1.05
ydeH	1.31
ydeF	1.39
ydeD	0.0
ydzE	0.0
cspC	1.15
yddT	5.0
ydiO	1.08
ydiM	0.7501
groES	2.77
ydiK	1.11
ydiI	1.13
ydiG	1.07
yddR	0.0
lrpB	0.0
yddM	0.7466
rapI	0.9264
yddI	0.0
yddG	0.0
yfiR	0.7905
lipB	0.9105
yfiN	0.8935
yfiL	0.8319
yfiJ	0.8299
yfiH	0.7287
yfnE	1.18
yfnG	0.9816
yfnI	1.44
yetL	0.951
yetJ	0.8267
yezB	1.1
yfiF	0.0
yfiD	0.0
glvC	0.0
glvA	1.27
yfjB	2.15
yfjD	1.67
yetH	1.72
lplD	1.06
lplB	0.0
yetA	0.0
yesX	1.06
yesV	1.01
yfiQ	1.05
yfiO	1.2
yfiM	0.0
yfiK	0.8119
yfiI	1.02
yfiG	0.9876
yfnF	0.0
yfnH	0.0
yetN	0.9992
yetK	1.17
yezD	0.0
yetI	1.05
yfiE	0.5379
yfiC	1.41
yfiA	1.08
yfjA	1.43
yfjC	2.04
yfjE	1.59
yetF	0.0
lplC	0.8573
lplA	1.27
yesZ	0.9825
yesW	0.8214
yesU	0.767
yhjC	0.8771
yhxD	0.0
yhzC	1.48
yhfW	0.9414
yhfU	1.05
yhfS	0.8393
ygxB	1.03
yhdD	0.5315
yhdB	0.7735
yhcZ	0.8588
yhxB	0.9767
glpK	0.9532
yhfO	1.22
yhfN	0.0
yhfL	1.47
yhfJ	1.69
yhfH	1.17
yhfF	1.31
glpP	1.92
yhcX	1.67
yhcV	0.0
yhcT	0.9646
yhcR	1.28
yhcP	0.4551
yhjA	1.96
comK	1.69
yhxC	0.9635
yhfV	0.5543
yhfT	1.28
yhfP	1.47
yhdE	1.26
yhdC	0.0
yhdA	1.06
yhcY	0.8784
glpD	0.7908
glpF	0.8946
aprE	1.76
yhfM	0.0
yhfK	1.69
yhfI	1.69
gltT	1.08
yhfE	1.45
yhxA	2.03
yhcW	1.48
yhcU	1.23
yhcS	1.03
yhcQ	0.8916
yhcO	0.0
yjqB	0.406
xlyB	0.0
phrA	1.08
yjoB	0.4035
yjnA	1.74
yjmI	0.6932
yjbC	1.04
oppF	0.9175
oppB	0.9053
trpS	0.6235
appC	0.6254
appA	0.8825
yjmG	0.8575
yjmE	0.0
yjmC	0.0
yjmA	0.9949
yjlC	0.6989
yjlA	1.18
appD	1.67
yjaY	1.55
yjzA	1.4
yjaV	0.0
yjzD	1.07
argF	0.1651
yjqA	1.12
yjpA	0.8999
rapA	1.5
yjoA	1.91
yjmJ	0.8056
yjmH	0.966
yjbB	1.28
oppC	1.05
oppA	1.49
yjbA	0.7622
appB	0.7792
appF	1.55
yjmF	0.8528
yjmD	0.885
yjmB	0.8639
yjlD	0.957
yjlB	0.0
yjkB	0.9322
yjaZ	1.09
yjzB	1.19
med	1.52
yjaU	0.9924
yjzC	0.7325
pdhA	1.06
ykrB	0.8831
ykzG	0.7594
adeC	0.9266
ykqA	0.7459
abh	1.23
ykrL	2.88
sspD	1.19
ykoZ	1.21
ykoV	0.0
ykoT	1.07
ykoQ	0.0
ykpC	0.0
ykpB	0.8822
ykoA	0.0
fruA	0.6579
yknZ	0.748
yknX	0.4797
ykoN	1.21
ykoL	0.5573
tnrA	1.37
ykzD	0.0
ykoI	0.9007
ykoG	1.22
ykyA	1.4
ykrA	1.56
ykqC	1.16
ykqB	1.02
kinC	0.9233
mreBH	1.89
ykrK	1.35
ykrI	1.79
ykoX	5.86
ykoU	1.09
ykoS	0.9242
ykoP	1.96
ampS	1.26
ykpA	1.03
sipT	0.9651
fruR	0.6898
yknY	0.6312
yknW	0.5044
ykoM	1.08
ykzB	1.13
ykoK	1.81
ykoJ	0.9886
ykoH	1.07
ykoF	1.09
rbfA	0.7865
infB	0.0
ylxR	0.8303
ylxS	0.7868
yluC	0.8555
cdsA	0.8982
ylnB	1.0
cysH	1.02
pyrF	0.4095
pyrDII	0.4071
pyrC	0.4218
pyrP	0.7464
frr	0.7477
tsf	0.8463
ylxL	0.7144
cheD	0.7182
cheW	0.6564
cheB	0.7111
ylyB	1.3
ylyA	0.0
divIVA	1.27
ylmG	1.59
ylmE	1.15
ylmC	1.39
ylxP	0.8366
ylxQ	0.8524
nusA	0.9011
proS	1.1
yluB	1.02
yluA	0.9747
ylnA	1.4
pyrE	0.4633
pyrD	0.4727
pyrAA	0.4249
pyrB	0.5626
pyrR	1.68
smbA	0.9481
rpsB	0.806
sigD	0.7132
cheC	0.8056
ylxH	0.8098
lsp	1.19
ylmH	1.29
ylmF	1.53
ylmD	1.15
ylmB	1.5
yoaT	0.0
yoaS	0.0
yozF	0.0
yoaP	0.0
yoaN	0.7232
pelB	1.16
yncM	4.4
ynzH	1.17
yncE	1.17
yncC	1.24
xylB	1.24
xylR	1.03
yoaJ	0.6767
yoaH	0.6414
yoaF	0.7344
yoaD	0.5573
yoaB	0.4403
yoxB	0.0
ynaJ	0.6606
ynaG	1.08
ynaE	1.05
ynaC	1.1
ynzG	0.0
ynxB	0.908
yozG	1.09
yoaR	0.0
yoaQ	0.0
yoaO	1.18
yoaM	1.44
yoaK	1.01
thyA	1.13
yncF	1.15
yncD	0.9328
yncB	1.08
xylA	1.79
xynB	1.22
yoaI	0.0
yoaG	0.6243
yoaE	1.35
yoaC	0.5734
yoaA	1.61
yoxC	1.0
ynaI	1.05
ynaF	1.07
ynaD	1.03
ynaB	0.9747
ynzF	0.7574
glnA	0.8875
yopS	0.0
yopU	0.0
yopW	0.0
yopY	0.0
yoqA	0.8357
yoqC	0.0
cgeD	0.6066
yodT	0.9121
yodR	0.6938
yodP	0.0
yozE	1.83
yodM	0.9175
yoqE	0.0
yoqG	0.0
yoqI	0.0
yoqK	0.0
yoqM	1.78
yoqO	1.65
deoD	1.45
yodI	0.0
ctpA	0.0
yodE	0.6729
yodC	1.37
yojA	0.8502
yopT	0.4675
yopV	0.0
yopX	0.0
yopZ	0.0
yoqB	1.24
yoqD	0.0
cgeE	0.5251
yodS	1.03
argE	0.8272
yodO	0.0
yodN	0.0
yodL	1.19
yoqF	0.0
yoqH	0.0
yoqJ	0.0
yoqL	0.0
yoqN	0.9311
yoqP	0.0
yodJ	0.5713
yodH	0.0
yodF	0.7796
yodD	0.9168
yodA	0.0
yojB	0.0
hbs	1.03
mtrB	0.9243
gerCB	1.21
ndk	1.13
aroF	0.7176
aroH	0.6085
ypmP	0.9734
ypmR	1.04
ypmT	1.04
ypoP	0.6178
yppQ	1.48
yokA	1.3
trpD	0.6372
trpF	0.4108
trpA	0.5987
tyrA	0.6357
ypiA	1.26
ypiF	0.6309
yokC	1.03
yokE	0.8586
yokG	0.6644
yokI	1.05
yokK	1.11
yolA	0.4762
mtrA	1.01
gerCA	1.15
gerCC	1.36
cheR	0.9609
aroB	0.84
trpE	0.9096
ypmQ	1.05
ypmS	1.36
ypnP	0.8612
yppP	1.42
ypqP	1.06
yokB	0.9243
trpC	0.526
trpB	0.3907
hisC	0.6169
aroE	0.7349
ypiB	0.9301
qcrA	0.838
yokD	1.04
yokF	0.9383
yokH	0.7689
yokJ	0.9485
yokL	0.8968
yolB	0.4141
yqgY	0.0
yqhA	0.0
yqxL	0.0
comGB	1.89
comGD	1.88
comGF	1.93
yqjQ	1.08
yqjS	0.9359
yqjV	0.9727
yqjW	0.9763
yqjY	1.1
yqkA	1.13
yqzE	1.46
yqxM	0.8489
cotN	0.8733
sinI	1.13
yqhH	0.0
yqhJ	1.81
yqkC	1.47
yqkE	1.5
yqkG	1.21
ansA	0.9403
yqkI	0.8536
yqkK	0.0
yqgZ	2.52
yqhB	1.88
comGA	2.66
comGC	2.32
comGE	2.26
comGG	1.95
yqjR	1.46
yqjT	1.27
yqzH	1.15
yqjX	0.0
yqjZ	1.38
yqkB	1.28
yqzG	1.03
sipW	1.03
sinR	1.56
yqhG	0.9653
yqhI	1.89
yqhK	1.85
yqkD	1.13
yqkF	1.21
ansR	0.9179
ansB	0.9355
yqkJ	1.08
spoIIM	0.0
yrpD	1.04
aadK	0.0
yrdB	0.0
yrdD	0.0
yrdF	0.0
azlC	1.17
yqcJ	1.06
yqcL	0.8674
spoIVCA	1.21
nucB	1.01
yqeC	0.7922
yqeE	0.9531
brnQ	0.9406
gltR	0.0
czcD	0.0
yrdQ	1.7
yrkA	2.62
blt	1.03
yqeG	1.19
aroD	1.02
yqeJ	0.8141
yqeL	0.845
comER	1.26
comEB	1.45
yrpB	3.36
yrdA	0.9887
yrdC	0.8513
cypA	0.8261
azlB	1.15
azlD	1.26
yqcK	0.0
yqcM	0.842
spoIVCB	0.0
yqeB	1.25
yqeD	0.8284
yqeF	1.15
yrdK	0.9421
yrdN	1.01
trkA	0.0
yrdR	0.0
bltD	0.0
bltR	1.27
yqeH	1.3
yqeI	0.8604
yqeK	0.8036
yqeM	0.7895
comEA	1.5
comEC	1.38
ysdC	0.8865
araA	0.0
araD	0.0
araM	1.2
araP	0.8745
abfA	0.8723
yrbB	0.0
yrbD	0.9267
yrzG	1.39
yrbE	0.7477
bofC	0.0
ruvB	1.19
ysfE	1.16
ysfC	2.31
ysfA	0.0
pheS	0.8622
ysgB	1.09
yshC	1.28
tgt	1.24
yrzE	1.09
spoVB	1.23
yrvB	0.9561
yrvC	1.51
abnA	0.0
araB	1.09
araL	0.0
araN	0.929
araQ	0.0
cstA	1.28
yrbC	1.19
yrzH	0.0
yrzF	1.46
csbX	0.0
ruvA	1.16
queA	1.25
ysfD	1.79
ysfB	0.9752
ysgA	0.8887
pheT	1.02
yshB	1.11
yshD	1.06
yrbF	0.7978
yrbG	0.8706
yrzD	0.851
secF	1.11
yrvD	1.22
apt	0.9645
ytxO	0.0
ytcB	0.0
ytdA	0.0
menF	1.34
ytxM	1.35
menE	1.24
ytmQ	0.0
malS	1.07
ytoP	1.03
ytpP	1.13
ytpS	0.9216
murC	1.11
ytgA	1.18
ytgC	1.6
ythB	1.22
ytiA	1.36
ytjA	1.0
ytkA	0.9809
ytxH	1.13
aroA	1.29
ytxD	0.962
acuC	1.13
acsA	1.27
rpsD	0.5844
ytcC	1.03
ytcA	0.8318
yteA	0.9426
menD	1.14
menB	1.75
ytfD	1.45
ytnP	1.34
ytzB	1.59
ytoQ	1.55
ytpR	1.53
ytpT	1.61
ytxG	1.11
ytgB	1.44
ytgD	1.37
ythA	1.35
ytiB	1.04
ytjB	1.34
dps	1.07
ytxJ	1.21
ccpA	0.9028
ytxE	1.37
acuA	0.8909
tyrS	0.8601
yusU	0.8663
yusS	0.0
yusQ	0.0
yusO	0.8116
yusM	1.27
yusK	0.9699
yuxI	1.93
yukE	2.17
yukC	1.47
yueC	0.8779
yueE	1.27
yuzE	1.08
yusI	1.08
yusG	1.52
yusE	1.37
yusC	1.03
yusA	0.9339
yurY	1.62
yueG	1.03
yueI	1.06
yueK	1.39
yuzC	0.9615
comQ	1.64
comP	1.3
yusT	0.9869
yusR	0.9235
yusP	1.09
yusN	1.26
yusL	0.0
yusJ	0.8151
ald	3.37
yukD	1.91
yukB	1.79
yueD	1.14
yuzF	1.31
yueF	1.86
yusH	1.72
yusF	1.83
yusD	1.81
yusB	0.9997
yurZ	1.14
yurX	1.55
yueH	0.9806
yueJ	1.34
yuxH	0.7143
degQ	4.13
comX	1.3
comA	1.04
yvoA	0.8935
nagA	0.0
lgt	0.9979
yvpA	0.8515
hisZ	0.5591
hisD	0.4847
tpi	1.11
eno	1.22
yvbJ	0.7016
yvbH	0.9331
yvbF	0.8669
opuCB	0.0
hisH	0.5526
hisF	0.489
yvcA	2.54
yvzA	1.62
yvcD	1.35
trxB	1.11
opuCD	0.9967
yvaZ	0.9818
yvaX	0.8378
yvaV	0.9162
opuBC	0.5811
yvaQ	0.8184
nagB	0.9288
yvoB	1.25
yvpB	0.9747
hisG	0.7188
hisB	0.4997
pgm	1.56
yvbK	1.19
yvbI	0.8855
yvbG	0.8634
opuCA	0.9701
opuCC	0.3873
hisA	0.5376
hisI	0.5671
yvcB	2.33
yvcC	0.0
yvcE	3.03
yvcI	0.8138
yvbA	0.8884
yvaY	0.5902
yvaW	1.09
opuBB	0.7516
opuBD	0.0
yvaP	1.06
fbaA	1.25
murZ	1.56
rpmE	0.6898
ywkB	1.22
ywkD	0.8788
ywkE	0.9375
ywrE	0.722
cotG	0.8859
cotB	1.12
ywrK	0.6651
alsS	1.85
ywrO	0.0
ywlA	0.0
ywlB	1.09
ywlE	1.04
ywlG	1.48
upp	0.8855
atpB	0.8514
ywsB	1.8
rbsC	1.06
rbsD	0.9222
rbsR	1.0
ywtA	0.9459
ywtC	0.817
ywjH	1.35
ywjI	1.41
ywkA	1.17
ywkC	1.09
prfA	1.67
ywkF	1.06
ywrF	1.98
cotH	0.8953
ywrJ	0.0
alsR	1.12
alsD	1.99
ywsA	0.0
spoIIR	1.09
ywlD	1.29
ywlF	1.53
glyA	0.8893
atpI	0.9478
atpE	0.8221
rbsB	1.01
rbsA	1.05
rbsK	1.05
ywsC	1.42
ywtB	0.9022
ywtD	1.12
deaD	0.5846
yxiP	0.5366
bglS	0.9236
katB	1.19
yxiT	1.13
yxjB	1.14
ywcF	1.17
ywcH	0.9041
ywcI	0.7509
ywcJ	0.9942
sacA	1.08
thiD	1.23
yxjD	1.46
yxjF	0.7535
yxjH	0.6214
yxjJ	0.7481
yxjL	1.21
yxjN	1.0
ywdD	1.48
ywdF	1.12
ywdH	1.23
ywdJ	1.19
ywdL	1.12
spsB	0.9719
yxiO	0.8937
licT	1.46
yxiQ	0.9223
yxiS	1.07
yxjA	1.49
yxjC	1.03
ywcG	1.36
vpr	1.82
sacT	1.47
sacP	1.05
ywdA	2.47
ywdC	1.35
yxjE	0.9986
yxjG	0.6657
yxjI	0.6876
pepT	1.65
yxjM	1.17
yxjO	1.04
ywdE	1.26
ung	1.21
ywdI	1.03
ywdK	1.08
spsA	0.0
spsC	1.01
rnpA	0.9573
jag	0.9373
gidB	0.8114
yydK	0.6819
bglA	1.05
ahpC	0.9837
gntP	0.777
gntR	0.874
yxaB	1.22
yyaB	1.01
spo0J	1.24
yyaD	0.9648
yyaF	1.37
ssb	0.8346
exoA	0.7008
yxaD	0.9996
yxaF	0.9901
yxaH	0.9962
yxaJ	0.9112
yxaM	1.19
yxbB	1.35
rpmH	1.0
spoIIIJ	1.03
thdF	1.36
yyaA	1.1
yyzE	0.9465
ahpF	1.61
gntZ	1.18
gntK	1.04
yxaA	1.34
yxaC	1.28
soj	1.27
yyaC	1.18
yyaE	1.21
rpsF	0.7141
rpsR	1.01
yyaG	1.19
yxnA	1.06
yxaG	0.8271
yxaI	0.8876
yxaL	0.9202
yxbA	1.26
yxbC	2.63
gltA	0.0
ppsE	1.09
ebrA	0.0
ymfG	0.9393
bpr	0.0
cheV	0.467
rho	0.6494
tagD	0.932
yvfE	0.5322
yvgP	0.0
yurC	0.0
aapA	1.05
spoIIS	1.27
xtmB	0.0
yhjN	1.01
yhaA	1.49
yheJ	0.0
yfmB	1.11
yqhQ	0.9877
yosN	0.8806
pnpA	0.0
flhA	0.8032
fliP	0.7489
fruB	0.693
ppsC	0.8475
yngB	0.9563
pyrAB	0.5252
polC	1.05
pycA	1.3
ptsH	0.8542
tdk	0.6116
yvfC	0.8279
yvfK	1.0
yusY	1.1
ysnF	1.63
lepA	0.0
xkdO	0.0
yirY	1.13
yhfQ	0.7599
yhaQ	0.8688
yfkL	1.43
yfnC	1.1
spoIIIAG	0.774
yojG	1.04
flhF	0.7709
flhB	0.8682
cheY	0.8559
moaD	1.18
hprT	1.05
yvoF	1.1
yvdS	0.9615
sacB	1.0
ffh	0.6545
ssuC	0.9974
yvfP	0.8609
ctc	1.23
ppsB	0.855
yvgR	0.8609
ydjK	0.8883
spoIIE	0.0
ywbL	0.7528
sigL	0.9012
yacA	1.26
yvdR	0.8536
yveB	0.0
yqxK	1.07
yhaR	1.13
pnbA	0.9458
ytnM	1.33
prs	1.23
ykoW	0.8038
cotA	0.9881
ydjA	0.7888
hutH	0.8976
secA	1.02
ybaS	0.7614
ybaN	0.0
gerD	0.0
cwlD	0.8511
ybaJ	1.03
rplM	0.6373
gcaD	1.19
yabJ	0.7979
yabH	0.9849
veg	0.8497
ksgA	0.8732
ybaF	0.4844
ybxA	0.5246
rpoA	0.6487
rpsM	0.5892
infA	0.5948
adk	0.6197
abrB	0.7757
yazA	1.06
yabA	1.25
holB	1.28
yaaQ	1.26
ybaR	0.9948
kbaA	0.7984
ybaL	1.33
ybaK	0.7279
rpsI	0.8556
truA	0.4342
spoVG	1.87
purR	0.9038
sspF	0.6763
yabG	0.0
yabF	0.9444
ybaE	0.5307
rplQ	0.6208
rpsK	0.6644
rpmJ	0.572
map	0.6121
secY	0.6476
yabC	1.06
yabB	1.04
yaaT	1.36
yaaR	1.28
tmk	1.13
ycnG	0.7923
yczG	0.0
ycnD	0.6833
yclQ	0.6903
yclO	0.7161
yclM	0.9009
rapJ	0.8805
ycdC	1.18
natB	1.08
yccH	0.7537
yccF	0.6331
yczB	0.0
yclK	1.09
yclI	0.8927
gerKB	0.7283
gerKA	0.8819
yclE	1.04
yclC	1.06
cwlJ	1.1
ycbO	0.9547
ycbL	0.8662
yczA	0.7477
ycbH	0.9105
ycbF	0.9856
ycnF	0.9082
ycnE	0.8008
ycnC	0.8946
yclP	0.8125
yclN	0.9761
rapC	2.51
ycdD	1.15
ycdA	1.87
natA	0.8535
yccG	0.8761
lipA	0.5165
phoD	0.8841
yclJ	1.15
yclH	1.05
gerKC	0.866
yczF	0.0
yclD	0.9023
yclB	0.8917
ycbP	1.46
ycbN	1.03
ycbK	0.7598
ycbJ	1.05
ycbG	0.7507
ycbE	0.7436
ydiF	0.6093
ydiD	0.6628
ydiB	0.6382
ydhU	0.0
ydhS	1.14
ydhQ	1.07
yddF	0.0
yddC	0.0
yddA	0.0
ydcS	0.0
ydcQ	1.18
ydcO	0.0
ydhO	1.01
ydhM	0.0
ydhK	0.0
ydhI	0.0
ydhG	1.0
ydhF	0.0
ydcN	1.78
ydcL	2.34
ydcH	1.03
ydcF	0.9246
sigB	1.24
rsbU	1.16
ydiE	0.8389
ydiC	0.6521
ydiA	0.6399
ydhT	1.16
ydhR	0.889
ydhP	1.01
yddD	0.9026
yddB	0.781
ydcT	0.0
ydcR	0.8632
ydcP	0.0
sacV	0.0
ydhN	0.0
ydhJ	1.25
ydhH	1.11
phoB	1.09
ydhE	0.9744
ydcM	2.27
ydcK	0.0
ydcG	0.9805
rsbX	1.46
rsbW	1.15
rsbT	1.2
yfjF	0.8884
acoR	1.11
acoC	1.27
acoA	0.8912
yfjM	0.6894
yfjO	1.01
yesT	1.08
yesR	0.7783
yesP	0.8654
yesM	0.0
yesK	0.8898
cotJB	0.0
yfjQ	1.12
yfjS	1.51
yfkA	0.9904
yfkC	0.9735
yfkE	0.9757
yfkJ	0.7887
yesF	1.06
yeeK	0.8189
rapH	0.0
yezA	0.0
yeeC	0.8206
yeeA	0.0
yfjU	1.08
acoL	1.07
acoB	1.05
yfjL	0.7844
yfjN	1.05
yfjP	1.2
yesS	0.5302
yesQ	0.0
yesO	0.8789
yesL	0.86
yesJ	1.03
cotJA	0.7686
yfjR	1.42
yfjT	1.17
yfkB	0.9485
yfkD	0.9645
yfkH	1.28
yfkK	1.1
yesE	0.8597
yeeI	0.0
yeeG	0.7262
yeeD	0.0
yeeB	0.686
yefC	0.0
yhfD	0.6693
yhfB	0.7644
yhgD	1.12
hemH	0.9566
pbpF	1.08
yhgB	0.8976
yhcN	0.0
yhcL	1.55
yhcJ	0.8171
yhcI	0.5817
yhcG	0.8008
yhcE	0.6146
ecsC	1.07
ecsA	1.52
serC	1.8
yhaH	1.22
yhaI	0.9163
yhaK	1.57
yhcB	1.04
yhbJ	0.8866
yhbH	1.05
yhbF	0.7919
yhbD	0.9056
yhbA	0.9293
yhfC	1.11
yhgE	0.8721
hemY	0.9402
hemE	1.05
yhgC	2.05
yhfA	0.9438
yhcM	1.06
yhcK	0.8285
cspB	0.8641
yhcH	0.7005
yhcF	0.6796
yhcC	1.04
ecsB	1.33
hit	0.9888
yhaG	1.4
hpr	1.15
yhaJ	1.45
prsA	1.54
yhcA	1.07
yhbI	0.7488
prkA	0.8887
yhbE	0.8739
cspR	1.16
yhzB	1.11
yjkA	0.5516
yjiC	0.6235
yjiA	0.5722
yjhA	1.38
yjgB	0.6344
yjfC	0.0
carA	0.1655
argB	0.206
argC	0.2545
yitY	0.7163
yitW	0.0
yitU	1.33
yjfA	0.0
cotT	0.0
yjdJ	0.7951
yjdG	0.8292
yjdE	0.7125
yjdC	0.9162
yitT	1.11
nprB	0.9848
yitQ	0.99
yitO	0.7795
yitM	0.4583
yitK	1.14
yjjA	1.25
yjiB	1.24
yjhB	1.24
yjgD	0.9192
yjgA	0.8474
yjfB	0.8075
argD	0.1965
argJ	0.2457
yitZ	0.8936
yitX	0.8044
yitV	0.7936
ipi	1.04
yjeA	2.06
yjdK	0.6426
yjdI	1.26
yjdF	1.32
yjdD	1.05
yjdB	0.0
yitS	1.01
yitR	0.9328
yitP	0.7765
yitN	0.5948
yitL	0.9187
yitJ	0.4274
yknV	0.8233
moaE	0.9704
moeA	1.09
mobA	0.8519
ykuV	0.88
ykuT	0.8143
ykoE	0.9737
ykoC	0.9241
ispA	0.8492
yknA	1.6
ykmA	1.01
proA	1.08
ykuR	0.9453
ykuP	0.9475
ykuN	0.0
ykuL	0.999
ykuK	1.08
ykuI	1.07
ykkE	1.61
ykkC	0.9252
ykkA	1.11
ykzH	5.95
ykhA	1.71
ykgB	1.24
yknU	0.0
mobB	0.9105
moeB	1.1
ykuW	1.36
ykuU	1.52
ykuS	0.9266
ykoD	1.12
ispU	0.8152
metC	0.0
ykzA	1.25
yklA	0.5464
proB	1.22
ykuQ	1.42
ykuO	0.3411
ykuM	0.7055
ykzF	1.37
ykuJ	1.11
ykuH	1.3
ykkD	0.0
ykkB	1.07
ykjA	0.8578
hmp	1.36
ykgA	1.39
ykfD	3.62
fliR	0.5015
fliZ	0.8488
fliM	0.7593
flgE	0.8349
fliK	0.8652
fliJ	0.808
ylmA	1.58
sigE	0.8968
ftsZ	0.9543
sbp	0.5732
ylxW	0.8372
murB	0.9265
fliH	1.24
fliF	1.21
flgC	0.9129
codY	0.849
clpQ	0.8611
gid	0.7296
spoVE	0.7943
mraY	0.7396
pbpB	0.9047
ylxA	0.7851
yllA	1.14
ylbP	1.06
fliQ	0.786
fliY	0.8162
fliL	0.8921
ylxG	0.8209
ylxF	0.9298
fliI	1.21
sigG	1.14
spoIIGA	0.8372
ftsA	0.9416
ylxX	0.7081
divIB	0.8233
murG	0.7462
fliG	1.2
fliE	1.03
flgB	0.9198
clpY	0.9108
codV	0.8288
topA	1.5
murE	0.8182
ftsL	0.6921
yllB	0.0
ylbQ	0.9624
ylbO	0.7727
yoxD	0.9319
proH	1.1
gltC	0.9691
yogA	0.8397
ggt	0.9525
yoeC	0.8296
glnR	0.6689
ynbA	0.8081
cwlC	0.75
nrdF	0.6387
ymaA	0.7626
ymzC	0.7323
yoeA	1.2
pbp	1.03
yngK	0.9272
yngJ	0.9673
yngH	0.9941
yngF	0.0
miaA	0.9968
ymaG	0.0
ymaD	0.9785
aprX	1.08
ymzB	1.04
pksN	0.8988
rtp	0.9175
proJ	0.7791
gltB	0.6747
yofA	0.8292
yoeD	0.738
yoeB	0.3701
ynbB	1.01
spoVK	1.02
ymaB	0.5794
nrdE	0.8006
ymzA	1.11
ymaH	0.9867
yoxA	0.8547
yngL	0.8869
ynzE	0.9075
yngI	1.59
yngG	0.9872
yngE	0.9727
ymaF	0.8429
ebrB	1.31
ymaC	1.18
ymaE	0.9608
pksS	1.65
pksJ	0.0
yoqR	0.6015
yoqT	0.0
yoqV	0.0
yoqY	0.0
yorA	0.9228
yorC	0.0
yojC	0.0
yojF	0.9198
yojI	1.07
yojK	0.8166
yojM	0.8702
yojO	1.17
yorE	0.0
yorG	0.0
yorI	0.0
yorK	0.0
yorN	0.0
yorP	0.0
yocS	1.58
sodF	1.21
dhaS	1.86
yozO	0.2751
yozN	0.3448
yocL	0.7886
yoqS	0.0
yoqU	1.06
yoqW	0.0
yoqZ	0.0
yorB	0.9478
yorD	0.6399
yojE	1.01
yojH	1.14
yojJ	0.9282
yojL	1.14
yojN	1.1
odhB	1.1
yorF	0.66
yorH	0.0
yorJ	0.0
yorM	0.0
yorO	0.0
yorQ	0.9704
yocR	1.37
sqhC	0.9614
yozC	1.17
yocN	0.4512
yocM	0.2264
yocK	0.3485
qcrC	0.7888
ypjB	0.6304
ypjD	1.23
ypjF	1.16
ypjH	1.13
birA	0.8979
yolC	1.35
uvrX	1.06
sunA	2.46
yolI	1.96
yolK	1.38
yomB	0.0
panC	0.6586
ypmB	1.06
asnS	1.06
nth	1.05
yppB	1.38
yomD	0.0
yomF	0.0
yomH	0.0
yomK	0.5436
yozP	0.0
yomN	0.0
ypjA	1.02
ypjC	1.28
dapB	1.25
ypjG	1.28
papS	1.16
panB	0.6504
yolD	0.0
yolF	1.44
sunT	0.0
yolJ	1.86
yomA	0.7383
yomC	1.09
panD	0.6965
ypmA	0.0
aspB	1.3
dnaD	0.8947
ypoC	1.1
yppC	1.09
yomE	0.0
yomG	0.0
yomJ	0.7363
yomL	3.22
yomM	0.0
yomO	0.0
yqhL	0.9228
yqhN	1.32
yqhP	1.19
yqhS	1.08
efp	1.28
spoIIIAA	0.9235
yqkL	1.13
drm	0.9605
dacF	0.979
spoIIAB	1.07
spoVAA	0.0
spoVAC	1.82
spoIIIAC	0.0
spoIIIAE	0.0
spoIIIAH	0.762
accC	1.27
yqhZ	0.7955
yqiB	0.7246
spoVAE	1.12
lysA	1.48
ppiB	1.53
ypuB	0.0
ypzC	1.31
ypuD	0.9392
yqhM	1.05
yqhO	1.02
yqhR	0.8589
yqhT	1.47
yqhV	0.0
spoIIIAB	0.7789
ripX	1.24
pnp	1.09
spoIIAA	0.9785
sigF	1.15
spoVAB	1.16
spoVAD	1.05
spoIIIAD	0.0
spoIIIAF	0.9056
accB	1.22
yqhY	1.17
folD	1.0
yqiC	0.6078
spoVAF	1.05
ypuA	3.12
ypzD	0.0
ypuC	1.17
sipS	1.3
ypuE	1.1
yrkB	0.538
yrkD	0.0
yrkF	0.0
yrkH	0.0
yrkJ	0.0
yrkL	1.52
yqeN	0.9814
gpr	0.8932
yqxA	0.8139
dnaK	0.9397
yqeT	0.6834
yrkN	0.0
yrkP	0.0
yrkR	0.0
spoIIIC	0.957
yqaC	0.0
yqaF	0.8686
yqeV	0.0
rpsU	1.06
yqeZ	0.0
yqfB	0.483
yqfD	0.0
yqfF	1.35
yrkC	1.02
yrkE	0.0
yrkG	0.0
yrkI	0.0
yrkK	1.82
yrkM	0.9281
rpsT	1.17
spoIIP	0.0
hemN	0.7233
grpE	0.7884
dnaJ	0.0
yqeU	0.7355
yrkO	1.02
yrkQ	0.9448
yrkS	1.21
yqaB	1.11
yqaE	0.8676
yqdA	0.8193
yqeW	0.9045
yqeY	1.27
yqfA	0.4679
yqfC	0.8722
phoH	1.84
yqfG	1.21
yshE	0.8162
ysiA	0.9596
etfB	0.8852
xsa	0.9307
uvrC	0.847
lysC	0.6267
relA	1.08
yrvJ	0.5737
hisS	0.8319
yrvM	0.847
yrzC	1.17
yrvP	1.07
sdhC	1.07
sdhB	1.21
gerE	1.11
racE	1.18
rph	1.18
ysnB	1.15
yrrB	0.7807
yrrD	0.0
glnM	0.0
glnQ	0.5842
yrzB	1.18
lcfA	0.9036
ysiB	0.8773
etfA	1.04
trxA	0.9742
ask	1.06
yslB	1.69
yrvI	1.17
yrzK	0.8637
aspS	0.9359
yrvN	1.5
yrvO	1.17
yrrA	0.9988
sdhA	1.36
ysmA	0.9102
ysmB	0.0
gerM	0.8326
ysnA	1.16
ysnE	1.45
yrrC	0.0
glnP	0.897
glnH	0.9542
yrrI	0.9701
yrrK	1.28
yrrL	1.43
ytkC	1.06
ytlC	0.0
ytlA	0.8029
ytmB	1.13
metK	0.9873
ytnA	0.9176
ytsP	0.8895
ytwP	0.829
nifZ	1.05
sspA	1.07
ytcJ	1.2
yteI	0.5555
ytpA	0.984
ytqA	0.9233
ytrA	0.5541
ytrC	0.5127
ytrE	0.5761
ytsA	0.96
ytfI	0.8887
ytxK	0.8649
moaB	0.7368
argH	0.2771
ytkK	0.9273
ytlI	1.21
ytlD	1.0
ytlB	0.0
ytmA	1.03
pckA	0.9489
asnB	1.17
ytoA	1.15
ytvP	1.46
braB	0.0
ytbJ	1.1
ytcI	1.15
ytdI	2.17
yteJ	0.5437
ytqB	0.8489
ytzC	1.04
ytrB	0.9637
ytrD	0.5796
ytrF	0.516
ytsB	0.8878
ytgI	1.39
ackA	1.0
argG	0.2815
ytzD	0.228
ytkL	1.01
ytmI	1.09
yurW	1.39
yurU	1.23
yurS	0.0
yurQ	0.7488
yurO	2.33
yurM	2.06
yufB	2.49
yufD	1.4
yufU	1.99
yufS	1.08
yufQ	0.9855
yufO	0.0
yurK	1.99
yurI	1.01
yurF	0.7365
yurD	1.01
yunM	0.9801
yunK	0.8607
yufM	1.12
yuxK	1.4
yuxJ	1.02
kapB	0.7998
patB	0.9108
yugF	0.8233
yurV	1.34
yurT	0.7676
yurR	0.9992
yurP	4.44
yurN	2.23
yurL	2.3
yufC	1.29
yufV	2.38
yufT	1.62
yufR	0.9367
yufP	1.02
yufN	1.13
yurJ	2.15
yurH	1.13
yurE	1.08
yurB	1.05
yunL	0.9234
yunJ	1.1
yufL	1.0
pbpD	1.56
kapD	0.915
kinB	0.8022
yugE	1.38
yugG	1.27
yvcJ	0.8168
yvcL	0.8675
yvcN	0.9202
yvcQ	1.09
yvcS	0.9338
yvdA	1.18
yvaO	1.08
yvzC	0.0
yvaL	0.9505
yvaJ	0.0
yvaG	1.12
yvaE	1.08
yvdC	0.9113
yvdE	0.9833
yvdG	1.06
yvdI	0.9269
yvdK	0.9494
yvdM	0.7343
yvaC	0.0
yvaA	1.85
yvgY	0.8655
yvgW	0.0
yvgU	1.38
yvgS	1.2
yvcK	1.02
crh	0.8497
yvcP	1.08
yvcR	1.22
yvcT	1.52
yvdB	1.02
yvaN	1.98
yvaM	1.0
yvaK	0.7629
yvaI	0.6058
yvaF	0.7336
yvaD	0.9829
yvdD	0.7948
yvdF	1.02
yvdH	1.06
yvdJ	1.01
yvdL	0.8911
clpP	0.8984
yvaB	0.0
yvgZ	0.8351
yvgX	0.0
yvgV	1.18
yvgT	1.16
yvgQ	0.6056
atpF	0.7112
atpA	0.7168
atpD	0.6846
ywmA	0.86
ywmB	1.1
spoIID	1.1
ywtE	1.15
ywtG	1.66
gerBB	0.5543
pmi	1.13
tagC	0.896
tagA	1.15
ywmE	0.0
narA	1.32
ywmF	0.0
ureA	1.41
ureC	1.54
ywnB	0.9021
tagF	0.8086
ggaA	1.03
lytR	1.21
lytC	0.6057
tuaB	1.07
tuaD	1.06
atpH	0.8308
atpG	0.6787
atpC	0.6805
ywzB	0.8041
murA	1.61
ywmC	1.25
ywtF	1.21
gerBC	0.0
gerBA	1.17
lytD	1.0
tagB	1.05
tagE	1.12
narQ	1.15
rapB	1.21
ywmG	1.57
ureB	1.32
ywnA	0.8895
ywnC	1.0
tagG	1.08
yvyH	1.05
lytB	0.0
tuaA	1.2
tuaC	1.21
tuaE	0.9139
yxkA	0.6821
yxkC	0.6053
aldY	0.7701
msmX	1.08
yxzE	0.7724
yxkJ	0.7451
spsD	0.6227
spsG	0.0
spsJ	1.07
yweA	1.21
rocA	0.8029
rocC	1.31
cydB	0.0
cydD	1.03
yxlA	0.8676
yxlC	1.09
yxlE	1.3
yxlG	1.37
ywfB	3.98
ywfD	2.25
ywfF	1.72
ywfH	2.08
pta	1.16
ywfL	1.41
galE	0.8902
yxkD	0.6652
yxkF	0.9347
yxkH	0.7772
yxkI	0.8674
cydA	0.7721
spsE	0.778
spsI	0.908
spsK	1.12
yweB	1.12
rocB	0.9408
ywfA	0.7304
cydC	0.0
yxkO	0.9963
sigY	1.31
yxlD	1.15
yxlF	0.8656
yxlH	1.21
ywfC	2.74
ywfE	2.08
ywfG	1.2
ywfI	1.31
ywfK	1.43
ywfM	1.27
yyaH	1.22
yyaJ	0.9144
yyaL	1.02
yyaN	0.9348
tetL	0.8489
yyaP	1.32
yxbD	1.49
yxbF	0.8822
yxcA	1.17
yxcC	1.3
yxcE	0.8976
iolR	1.06
yyaR	0.0
yyaT	0.0
yybB	1.18
yybD	0.8843
yybF	0.5502
yybI	1.75
iolB	1.05
iolD	1.15
iolF	1.1
iolH	1.27
iolJ	1.13
yxdK	1.23
yyaI	1.3
yyaK	0.8831
yyaM	0.0
yyaO	1.27
tetB	1.02
yyaQ	1.3
aldX	0.9003
yxbG	1.32
htpG	1.7
yxcD	1.05
iolS	1.24
iolA	1.06
yyaS	0.0
yybA	1.12
yybC	1.02
yybE	0.629
yybG	1.02
yybJ	0.3941
iolC	1.2
iolE	1.03
iolG	0.9122
iolI	1.38
yxdJ	1.73
yxdL	0.9041
yeeF	1.38
purQ	0.3678
ydgJ	0.9297
pbpC	1.4
srfAC	1.18
ycgI	0.0
yknT	0.8611
ptsI	0.0
ykvU	0.7971
ykzE	0.0
yjdH	0.0
yhdN	0.0
yczC	0.6857
lmrA	0.7631
ybgB	0.0
ybdD	0.8852
fus	0.8798
yfiX	1.18
yfkF	0.0
treA	0.0
yflP	0.8418
yesY	1.22
yddN	1.6
yerP	1.08
ydjD	1.28
yddE	0.0
yclG	1.53
nasB	1.23
ycdB	1.08
patA	0.0
ykvW	1.83
ykrP	0.953
ykoY	0.8589
yhaP	0.9244
yhbB	1.17
yccC	0.0
ybgE	1.35
ybgA	0.969
rpmD	0.524
rpoB	1.36
clpC	1.03
yfiB	0.0
yfkI	1.18
yflH	0.8554
yetM	1.05
cotJC	0.0
yddK	0.0
yabD	1.04
yurG	1.3
ytqD	1.13
acuB	1.08
dnaE	1.04
levR	1.75
yqzC	1.29
yaaO	1.12
ypbG	1.15
ypvA	0.8124
cgeB	1.2
yloB	0.9854
glcT	1.09
yjcD	1.27
metS	1.29
ythC	1.28
ytpB	1.29
ytoI	1.07
yrhJ	1.01
yqxH	0.9683
bmrU	1.3
yaaN	0.6152
qcrB	0.8664
yosO	1.23
ylqF	0.9759
spoVD	1.2
yjgC	0.0
yjaX	1.33
rplO	0.5122
rplR	0.5169
rpsH	0.4361
rplE	0.5494
rplN	0.4941
rpmC	0.4903
xpaC	0.4573
bofA	0.9137
recR	0.7887
dnaX	1.11
yaaI	0.0
rpsC	0.634
rpsS	0.6189
rplW	0.7005
rplC	0.6366
ybaC	0.662
rpsG	0.823
serS	0.762
yaaD	1.05
guaB	1.79
gyrB	0.9157
recF	0.9753
rpsE	0.628
rplF	0.5788
rpsN	0.5217
rplX	0.5168
rpsQ	0.5577
rplP	0.5634
csfB	0.5956
yaaL	0.8743
yaaK	1.12
yaaJ	0.8946
yaaH	0.7827
rplV	0.6074
rplB	0.6478
rplD	0.6798
rpsJ	0.7851
tufA	1.03
rpsL	0.723
yaaE	1.02
dacA	0.9872
yaaC	0.9432
yaaB	0.9068
yaaA	1.11
yclA	0.8914
yckJ	1.07
yczE	0.9073
ycxD	0.8319
ycxB	0.8147
srfAD	1.23
ycbD	0.9237
ycbA	1.2
ybgH	0.9206
ybgF	1.12
ybfP	1.02
ybfN	0.5631
yckH	1.01
yckF	1.39
nucA	1.55
yckE	1.47
yckC	1.06
yckA	1.03
ybfM	0.696
ybfK	0.5866
purT	1.3
ybfH	1.25
ybfF	1.86
ybfB	0.812
yckK	1.9
yckI	0.979
sfp	1.37
ycxC	1.05
ycxA	0.9793
comS	1.2
ycbB	1.15
ybgJ	0.8404
ybgG	1.51
ybfT	0.5931
ybfO	0.5054
psd	0.6911
yckG	1.42
tlpC	0.9753
nin	1.49
yckD	1.37
yckB	1.3
yciC	1.07
pssA	0.6212
ybfJ	1.21
ybfI	1.56
ybfG	1.26
ybfE	0.0
ybfA	0.8439
ydhD	0.919
ydgK	1.09
ydgH	0.86
dinB	0.848
expZ	1.06
ydgD	0.75
rsbS	1.09
ydcE	1.07
dal	1.18
ydcB	0.8888
ydbS	0.5307
murF	1.01
ydgB	0.0
ydfT	0.0
ydfR	0.0
ydfQ	0.0
ydfO	0.0
ydfM	0.0
ydbP	1.92
ydbM	1.23
ydbK	0.9071
ydbI	0.8823
ydbF	0.9784
ydbD	1.92
ydhC	1.43
ydgI	0.8934
ydgG	1.07
ydgF	0.8438
ydgE	1.05
ydgC	0.8399
rsbR	1.19
ydcD	1.08
ydcC	0.8662
ydbT	0.7202
ydbR	0.7831
ddlA	1.2
ydgA	0.0
ydfS	0.0
ydzH	0.0
ydfP	0.8904
ydfN	1.12
ydfL	0.0
ydbN	0.7948
ydbL	0.8225
ydbJ	1.1
ydbG	0.9478
ydbE	1.07
ydbC	0.8732
yfkM	1.81
treR	0.9914
yfkQ	0.0
yfkS	0.0
yflA	0.8252
yflC	0.8771
yefB	0.0
yerQ	0.7462
yerN	0.8325
yerL	0.8888
sapB	0.0
yerH	0.8899
yflE	2.1
yflG	0.7298
yflJ	0.7928
yflL	0.8733
yflN	0.0
citT	0.7789
yerF	1.14
yerD	1.01
yerA	0.897
yezC	0.5229
purH	0.3229
purM	0.3064
yfkO	0.8892
treP	0.7625
yfkR	0.9933
yfkT	1.14
yflB	0.9193
yflD	0.9139
yefA	0.8054
yerO	1.06
yerM	0.9203
opuE	1.18
yerI	0.7271
yflF	0.961
yflI	0.7077
yflK	0.8232
yflM	0.8285
citM	0.9092
citSc	0.0
yerE	1.03
yerB	0.828
yecA	0.5844
purD	0.3473
purN	0.3759
purF	0.3424
yhaL	0.7295
yhaN	1.09
yhaS	0.995
yhaU	0.9733
yhaW	1.02
yhaY	1.29
ygaO	0.5935
ygaN	1.18
ygbA	0.9354
katA	1.81
ygaK	0.0
ygaJ	1.43
yheA	1.07
yheD	1.13
sspB	1.24
yheG	1.28
yheK	0.9775
yheN	0.9202
ygaI	0.6496
ygaH	1.02
ygaF	0.9975
ygaE	1.09
ygaC	0.9444
sspE	1.13
yhaM	1.06
yhaO	1.05
yhaT	1.39
yhaV	1.08
yhaX	1.13
yhaZ	1.07
yhzA	2.11
ygcA	1.11
ygaL	0.8827
senS	1.24
thiA	1.3
ygzA	0.4123
yheB	1.11
yheE	1.77
yheF	0.906
yheI	1.4
yheM	1.39
yhdZ	0.9954
ygxA	1.21
ygaG	1.21
gsaB	1.05
ygaD	0.881
ygaB	1.19
yfhR	1.18
yjdA	0.9786
yjcR	0.7885
yjcP	0.7185
yjcN	1.03
yjcL	2.04
yjcJ	0.6083
yitI	0.9193
yitG	0.943
yitE	0.856
yitC	0.8399
yitA	1.07
yisX	1.41
yjcH	1.08
yjcF	0.7971
yjcC	0.0
yjcA	0.0
cotW	0.0
cotY	0.0
yisV	0.998
yisT	0.9574
degA	1.2
yisQ	0.9735
yisO	1.03
yjcS	1.32
yjcQ	0.9242
yjcO	0.0
yjcM	1.38
yjcK	3.36
yjcI	0.7603
yitH	0.7964
yitF	1.15
yitD	0.8549
yitB	1.13
yisY	1.08
yisW	0.7344
yjcG	0.8632
yjcE	1.79
yjcB	0.0
cotV	0.9891
cotX	0.0
cotZ	0.0
yisU	1.15
yisS	1.1
yisR	1.05
yisP	0.9011
yisN	1.18
yisL	1.49
ykuG	0.0
ykuE	0.965
ykuC	0.8752
kinA	1.02
ykwD	1.33
ykwB	0.8334
ykfC	0.969
ykfA	1.05
dppD	1.17
dppB	1.12
ykeA	0.715
ykcC	0.5052
splA	0.0
ykvZ	0.0
ykvV	1.3
ykvS	3.82
ykvQ	0.0
ykvO	0.0
ykcA	1.11
ykaA	1.22
spoIISA	0.394
xhlB	0.8616
xkdY	0.8736
xkdW	0.89
ykuF	0.8913
ykuD	0.0
ykyB	2.11
ykwC	1.39
splB	0.6966
ykfB	1.11
dppE	0.9921
dppC	0.0
dppA	0.8964
htrA	0.6493
ykcB	0.0
ptsG	0.8305
ykvY	1.11
ykvT	1.11
ykvR	1.46
ykvP	1.31
ykvN	1.05
ykbA	0.9118
ykaB	1.66
xlyA	0.4699
xhlA	1.16
xkdX	0.9476
xkdV	0.7757
smf	1.32
sucC	1.56
ylqG	0.7666
rplS	0.7976
ylqE	0.0
ylqC	0.649
rpmF	0.595
ylbM	1.64
ylbK	0.8003
ylbI	0.859
ylbG	1.35
ylbE	0.0
ylxM	0.5798
ftsY	0.6794
rncS	0.5461
fabG	0.7713
plsX	0.8923
ylpB	1.29
ylbC	2.19
ylbA	1.74
ctaF	0.5979
ctaD	1.02
ctaB	0.6851
ylaO	1.41
sucD	1.6
ylqH	0.5136
rnh	0.5699
trmD	0.6091
ylqD	0.5555
rpsP	0.824
ylbN	0.6772
ylbL	0.8935
ylbJ	0.8447
ylbH	0.8467
ylbF	1.6
ylbD	1.08
ylqB	0.266
acpA	0.8444
fabD	0.8643
ylpC	0.7634
ylpA	1.27
ylbB	1.54
ctaG	1.28
ctaE	0.6377
ctaC	0.7262
ctaA	0.6835
ylaN	1.41
yngD	0.8391
yngA	0.0
ynfF	1.11
bglC	0.9253
ynfC	1.55
grlB	1.06
pksI	1.21
pksG	1.25
pksE	1.85
pksC	2.53
pksA	1.05
mutL	0.0
yneS	0.5774
yneQ	1.01
tlp	0.0
citB	0.0
cotL	0.0
yneK	1.14
cotE	0.9441
ymcB	0.0
tdh	1.04
ymdB	0.94
pbpX	1.19
cinA	1.18
yngC	1.26
xynD	1.19
ynfE	0.0
alsT	0.5493
grlA	0.9596
yneT	1.75
pksH	1.41
pksF	1.61
pksD	1.73
pksB	1.3
ymcC	1.05
mutS	1.13
yneR	1.02
yneP	1.0
yneN	1.3
cotK	1.02
cotM	1.12
yneJ	1.18
ymcA	1.16
kbl	0.9375
spoVS	1.26
ymdA	1.54
recA	1.6
pgsA	1.0
yorR	0.0
yorT	0.8346
yorV	0.0
yorX	0.8543
yorZ	0.8707
yosB	0.9288
yocJ	0.5568
yocH	2.97
yocF	0.3995
yocD	1.59
yocB	4.51
yocA	1.94
yosD	0.0
yosF	0.0
yosH	0.0
yosJ	0.7933
yosL	0.0
yosP	0.6935
yobW	1.03
yobU	1.0
yobS	0.8251
yobQ	1.05
yobO	0.9224
yobM	0.7566
yorS	0.0
mtbP	0.0
yorW	0.0
yorY	0.0
yosA	0.0
yosC	0.0
yocI	1.06
yocG	0.6194
yocE	0.1744
yocC	0.953
yozB	0.6595
yozA	0.8709
yosE	0.0
yosG	0.0
yosI	0.0
yosK	0.9422
yosM	1.26
yosQ	0.0
yobV	1.1
yobT	0.9241
yobR	1.1
csaA	1.14
yobN	1.47
yobL	0.9996
yppD	0.9959
yppF	1.49
ypqE	1.21
yprB	0.9988
ypsA	0.9267
ypsC	0.9217
yomP	0.0
yomR	0.0
yomT	0.0
yomV	0.0
yomX	0.0
yomZ	0.8462
kduD	1.56
kdgR	1.28
kdgA	0.0
ypwA	1.43
pbuX	0.5966
ypbQ	0.0
yonB	0.9852
yonD	0.0
yonF	0.0
yonH	0.0
yonK	0.0
yonO	1.05
yppE	1.23
yppG	0.0
cotD	1.13
ypsB	2.4
yptA	0.7436
yomQ	0.0
yomS	0.0
yomU	0.0
yomW	0.0
yomY	0.0
yonA	1.23
kduI	1.8
kdgK	1.38
kdgT	1.15
xpt	0.6917
bcsA	0.0
ypbS	1.33
yonC	0.0
yonE	1.01
yonG	0.0
yonI	1.64
yonN	1.41
yonP	0.0
yqiD	0.5895
yqxC	0.944
recN	0.9145
spo0A	0.9096
yqiH	0.7342
yqiK	0.9831
ribG	1.33
ribA	1.33
ribT	1.15
ypuG	0.9033
ypuI	0.0
spmA	0.0
mmgB	0.0
mmgD	0.8806
yqiQ	0.9252
yqiR	0.0
yqiT	1.36
yqiV	1.25
ypuL	1.12
resB	1.06
resD	0.8301
sigX	1.39
aroC	1.0
ypzE	1.17
yqiE	1.02
ahrC	0.9351
spoIVB	0.9041
yqiG	1.16
yqiI	0.8768
ribB	1.45
ribH	1.28
ypuF	1.21
ypuH	0.8888
dacB	0.8945
spmB	1.07
mmgC	1.06
mmgE	0.8515
yqzF	1.25
yqiS	1.36
yqiU	1.13
bfmBAA	1.09
resA	0.906
resC	0.8993
resE	0.8168
ypuN	1.45
serA	1.45
ypaA	1.66
yqaG	0.7402
yqaI	0.0
yqaK	0.0
yqaM	0.0
yqaO	0.9444
yqaQ	0.8591
dgkA	0.8425
bex	0.9275
glyQ	0.6776
yqzB	0.8768
yqxD	0.8503
sigA	0.937
yqaS	0.0
yqbA	0.0
yqbC	1.37
yqbE	0.8396
yqbG	0.0
yqbI	1.01
yqfN	1.05
yqfP	1.36
yqfR	0.8979
yqfT	1.06
yqfV	1.07
yqfX	1.05
yqaH	0.0
yqaJ	1.3
yqaL	0.0
yqaN	1.01
yqaP	1.03
yqaR	0.4725
cdd	1.04
yqxN	1.06
glyS	0.8178
yqfL	0.9378
dnaG	0.9779
cccA	0.7918
yqaT	0.9742
yqbB	0.8101
yqbD	0.8223
yqbF	0.0
yqbH	0.0
yqbJ	0.0
yqfO	1.16
yqfQ	0.9801
yqfS	0.8649
yqfU	0.6473
yqfW	0.8856
yqfZ	1.16
ysnD	0.7232
ilvN	1.0
leuA	0.8614
leuC	0.8587
ysoA	0.6433
clpX	1.12
yrrM	0.5474
yrrO	0.6041
greA	1.1
yrrS	1.2
yrrT	1.75
yrhA	1.43
ysxD	1.65
hemX	0.7511
hemD	0.6845
hemL	0.8218
ysxE	0.8783
yrhD	1.87
yrhG	2.66
yrhH	0.8447
yrhK	0.0
yrhM	1.38
yrhO	1.65
ilvB	1.18
ilvC	0.8156
leuB	0.9401
leuD	0.81
tig	0.9527
lonB	0.7736
yrrN	0.6599
udk	0.5626
yrrR	0.9999
yrzA	1.58
yrrU	1.82
yrhB	1.64
ysxC	1.22
hemA	0.792
hemC	0.7302
hemB	0.6809
spoVID	0.6939
yrhF	1.57
yrzI	1.5
yrhI	1.14
yrhL	0.0
sigV	0.0
levD	0.9874
ytsC	0.798
yttA	1.5
ytvA	0.7896
leuS	0.0
melA	0.7313
amyD	0.9068
ytmJ	0.8929
ytmL	0.9832
hisP	0.7802
ytnJ	0.881
hipO	1.23
ytqI	1.12
msmR	0.8809
bioW	0.8323
bioF	0.7927
bioB	0.8195
ytbQ	1.03
ytcQ	0.9854
ytsJ	1.32
pfk	1.18
ytwI	0.8621
citC	1.08
phoP	1.33
yttB	1.11
ytvB	1.04
ytwF	1.43
amyC	1.31
msmE	1.14
ytmK	1.07
ytmM	1.0
ytnI	0.9907
ribR	1.21
ytpI	1.09
ytrI	1.24
ytaP	0.7726
bioA	0.8494
bioD	0.7282
bioI	0.6738
ytcP	0.9134
ytdP	0.0
yttI	1.5
ytvI	0.7825
citZ	1.07
citH	1.28
phoR	1.36
mutM	1.34
yunI	0.86
yunG	0.9651
yunE	1.03
yunC	1.11
yunA	0.9129
yutC	0.99
yugH	1.1
yuzA	0.7312
yugK	1.0
yugM	1.04
yugO	1.33
yugS	1.32
yutE	1.24
yutG	0.6162
hom	0.6689
thrB	0.8804
yutI	1.62
yutJ	1.16
yugU	1.09
mcpB	0.6191
mcpA	0.3101
yuxG	1.03
yulC	1.03
yulE	0.9601
yunH	1.01
yunF	1.07
yunD	1.06
yunB	0.9193
yutB	2.35
yutD	1.05
yugI	0.9664
yugJ	1.48
pgi	2.16
yugN	1.54
yugP	1.52
yugT	1.09
yutF	1.1
yutH	0.7384
thrC	0.7422
yuxL	0.0
yuzD	0.8279
yuzB	1.69
tgl	1.23
tlpA	0.4834
tlpB	0.8838
yulB	0.9332
yulD	1.28
yulF	1.11
yvdO	0.7405
yvdQ	0.9038
yveA	0.8196
racX	0.8794
yveG	0.9567
slr	0.5048
yvgO	0.7907
yvgM	0.6396
yvgK	1.16
yvsG	1.1
fhuD	0.0
fhuG	0.881
yveN	0.6535
yveP	0.6889
yveR	0.5909
yveT	0.554
yvfB	0.6241
yvfF	0.828
yvrP	1.21
yvrN	1.02
yvrL	0.9506
yvrI	0.801
yvrG	1.03
yvrD	0.8914
yvdP	0.9679
yvdT	1.21
pbpE	1.04
yveF	0.0
padC	1.38
yveL	0.635
yvgN	1.59
yvgL	0.5909
yvgJ	1.02
yvsH	0.7964
fhuB	0.8111
fhuC	0.784
yveO	0.5653
yveQ	0.6212
yveS	0.7428
yvfA	0.5862
yvfD	0.6076
yvfG	0.7926
yvrO	0.9214
yvrM	1.24
yvrK	1.58
yvrH	1.24
yvrE	1.16
yvrC	1.24
mta	1.17
ywnF	0.9642
spoIIQ	0.8649
ywoA	0.8703
nrgA	1.02
ywoC	0.6977
tuaF	0.8777
tuaH	0.8478
yvhJ	1.1
degS	1.32
comFA	1.78
comFC	1.38
ywoE	0.9924
ywoG	0.618
usd	0.0
mbl	0.7904
flhP	0.488
ywpB	1.12
flgM	0.959
flgK	1.22
yviE	0.8688
csrA	0.9486
yvyC	0.5652
fliS	0.5922
ywnE	1.04
ywnH	1.1
ywnJ	0.9135
nrgB	2.45
ywoB	0.9458
ywoD	0.9124
tuaG	0.9182
tagO	0.8684
yvyE	1.21
yviA	0.8719
comFB	1.38
yvyF	0.9691
ywoF	0.9787
ywoH	0.8364
spoIIID	0.785
flhO	0.4786
rapD	1.08
ywpC	1.08
yvyG	1.11
flgL	1.16
yviF	0.9105
hag	0.6558
fliD	0.5612
fliT	0.5651
katX	1.21
yxzF	0.78
licB	1.01
licA	0.9064
ywaA	1.19
dltD	0.868
ywfN	0.8086
ywfO	1.33
ywgB	0.8069
thrZ	0.2307
ywhB	0.9827
ywhD	0.527
dltB	1.06
ywaB	1.01
ywaD	1.13
ywaE	0.8748
gspA	2.59
sacX	1.13
ywhF	1.28
ywhH	1.32
rapF	1.98
ywhL	0.9642
ywhN	1.07
ywhP	1.04
yxlJ	0.9455
licR	1.38
licC	1.12
licH	1.11
dltE	0.9517
dltC	0.957
ywzC	0.9749
ywgA	1.48
mmr	0.8621
ywhA	0.2306
ywhC	0.5514
ywhE	1.06
dltA	1.19
ywaC	0.9462
tyrZ	0.7862
ywaF	1.29
sacY	1.51
epr	0.6564
ywhG	0.8603
phrF	1.86
ywhK	0.8963
ywhM	1.14
ywhO	1.14
ywhQ	1.02
yybK	0.5204
yybM	0.5076
yybO	0.6628
yybQ	1.16
cotF	0.7649
yybT	0.9847
yxdM	0.8758
yxeB	0.8036
yxeD	0.0
yxeG	0.9896
yxeI	0.0
yxeK	1.64
yycA	0.8672
yycC	0.8871
yycD	0.0
yycE	1.09
yycF	1.41
yycH	1.21
yxeM	1.34
yxeO	1.72
yxeQ	1.16
yxxB	1.08
nupC	0.8687
hutM	1.18
yybL	0.0
yybN	0.8771
yybP	0.8781
yybR	0.8439
yybS	1.09
rplI	0.9284
yxeA	0.8556
yxeC	0.7703
yxeE	0.9273
yxeH	0.9052
yxeJ	0.0
yxeL	2.62
yycB	0.9749
yyzB	0.9845
dnaC	1.2
purA	0.325
yycG	1.31
yycI	1.16
yxeN	2.04
yxeP	1.37
yxeR	1.01
deoR	1.02
pdp	0.9458
hutG	1.29
lysS	0.9826
mfd	0.8989
gyrA	0.8719
lytA	0.5519
yvlD	0.5441
yukF	1.06
rsbV	0.0
ydbO	0.0
ycsG	0.0
phrC	1.81
lmrB	0.8756
pcp	0.6824
ytfJ	0.0
ytzA	0.9292
yraA	0.0
yqfY	1.78
yonJ	0.0
yodB	0.9181
ycbM	0.0
ybfS	0.9462
ybfQ	0.914
ybeC	1.31
ybdG	1.15
ybbA	0.0
ftsH	1.44
yabK	0.9579
ywjF	1.27
ywlC	1.36
yveK	0.5376
glgP	0.8284
ydcA	0.9168
ycnB	0.9878
yceH	0.921
ycbU	1.11
ycbR	0.8604
accA	1.44
yrhP	1.3
yqbO	0.0
ypqA	0.0
yosW	0.0
ppsD	0.7491
ycbC	0.8798
gltP	1.07
mpr	0.9471
ybdN	1.17
ybdB	1.03
yabE	3.46
yaaG	0.9183
yisD	0.7571
yhjP	0.8563
yhfR	0.8086
yheH	1.33
yfhQ	0.0
ydcI	0.0
dnaN	0.7513
srfAB	1.35
opuAA	1.36
ybdO	0.5411
yabN	0.9472
asnH	1.52
ywbN	0.7378
yaaF	1.15
addB	1.1
yhjB	1.16
yheC	1.21
yheL	0.7969
yesN	1.1
yclF	0.7914
dnaA	1.25
amhX	1.23
ycbT	1.29
feuC	0.7021
gidA	1.04
yxnB	0.915
spsF	1.16
